STATIONS_ID;MESS_DATUM;QN_3;  FX;  FM;QN_4; RSK;RSKF; SDK;SHK_TAG;  NM; VPM;  PM; TMK; UPM; TXK; TNK; TGK;eor
       2961;20230113;   10;  26.4;  16.0;    3;  -999;-999;    0.000;-999;  -999;   8.4;  993.80;    7.8;   79.00;   10.7;    6.6;-999;eor
       2961;20230114;   10;  22.5;  13.9;    3;  -999;-999;    0.000;-999;  -999;   8.6;  996.70;    6.9;   86.00;    8.9;    5.7;-999;eor
       2961;20230115;   10;  32.6;  18.5;    3;  -999;-999;    1.100;-999;  -999;   7.1;  986.40;    5.9;   76.00;    6.6;    3.7;-999;eor
       2961;20230116;   10;  16.9;  10.9;    3;  -999;-999;    2.200;-999;  -999;   6.8;  983.80;    4.9;   79.00;    5.4;    4.2;-999;eor
       2961;20230117;   10;  22.3;  11.7;    3;  -999;-999;    2.100;-999;  -999;   6.2;  977.10;    2.8;   83.00;    5.2;    0.9;-999;eor
       2961;20230118;   10;  18.0;  10.9;    3;  -999;-999;    6.900;-999;  -999;   5.4;  989.10;    1.6;   79.00;    3.2;    0.3;-999;eor
       2961;20230119;   10;  20.0;  12.8;    3;  -999;-999;    0.300;-999;  -999;   6.4;  995.10;    2.5;   87.00;    3.9;    0.8;-999;eor
       2961;20230120;   10;  14.5;   8.1;    3;  -999;-999;    0.000;-999;  -999;   6.4; 1011.80;    1.8;   91.00;    3.5;    0.8;-999;eor
       2961;20230121;   10;  17.5;   8.6;    3;  -999;-999;    5.100;-999;  -999;   6.2; 1028.60;    2.5;   84.00;    4.3;    0.7;-999;eor
       2961;20230122;   10;  15.1;  11.6;    3;  -999;-999;    0.000;-999;  -999;   5.7; 1031.60;    2.2;   79.00;    4.0;    0.1;-999;eor
       2961;20230123;   10;  13.5;   6.0;    3;  -999;-999;    0.000;-999;  -999;   6.3; 1035.80;    2.9;   83.00;    3.4;    2.1;-999;eor
       2961;20230124;   10;   8.7;   2.8;    3;  -999;-999;    0.000;-999;  -999;   5.3; 1037.00;    1.7;   76.00;    3.0;   -0.3;-999;eor
       2961;20230125;   10;  12.8;   8.2;    3;  -999;-999;    0.000;-999;  -999;   5.2; 1027.40;   -1.1;   93.00;    0.1;   -1.9;-999;eor
       2961;20230126;   10;  17.7;   8.0;    3;  -999;-999;    0.500;-999;  -999;   6.8; 1019.50;    2.6;   92.00;    4.9;   -0.9;-999;eor
       2961;20230127;   10;  16.5;   6.7;    3;  -999;-999;    2.300;-999;  -999;   5.7; 1025.50;    2.2;   79.00;    4.0;    0.9;-999;eor
       2961;20230128;   10;  13.5;   7.5;    3;  -999;-999;    0.500;-999;  -999;   5.7; 1024.00;    1.4;   84.00;    4.1;   -0.7;-999;eor
       2961;20230129;   10;  26.3;  12.5;    3;  -999;-999;    0.100;-999;  -999;   7.8; 1014.20;    4.7;   92.00;    5.5;    3.9;-999;eor
       2961;20230130;   10;  26.6;  16.6;    3;  -999;-999;    2.800;-999;  -999;   6.9; 1001.20;    5.3;   78.00;    6.7;    3.4;-999;eor
       2961;20230131;   10;  29.6;  14.1;    3;  -999;-999;    0.100;-999;  -999;   7.1; 1006.00;    5.1;   80.00;    7.5;    3.7;-999;eor
       2961;20230201;   10;  26.2;  15.4;    3;  -999;-999;    1.600;-999;  -999;   7.0; 1001.00;    5.4;   78.00;    6.6;    2.3;-999;eor
       2961;20230202;   10;  16.4;   7.6;    3;  -999;-999;    5.300;-999;  -999;   6.9; 1012.70;    5.1;   79.00;   10.1;    3.5;-999;eor
       2961;20230203;   10;  27.9;  16.2;    3;  -999;-999;    0.600;-999;  -999;   7.8; 1010.00;    6.2;   82.00;    8.3;    3.4;-999;eor
       2961;20230204;   10;  11.3;   6.1;    3;  -999;-999;    5.700;-999;  -999;   5.4; 1033.50;    2.2;   76.00;    3.6;    0.0;-999;eor
       2961;20230205;   10;  12.2;   6.9;    3;  -999;-999;    0.000;-999;  -999;   5.5; 1033.60;    1.1;   83.00;    4.7;   -0.9;-999;eor
       2961;20230206;   10;   9.0;   4.3;    3;  -999;-999;    0.000;-999;  -999;   6.6; 1037.60;    2.1;   92.00;    3.5;    0.2;-999;eor
       2961;20230207;   10;  10.0;   6.3;    3;  -999;-999;    8.900;-999;  -999;   5.3; 1037.60;    1.5;   79.00;    3.6;   -0.3;-999;eor
       2961;20230208;   10;  16.1;   7.3;    3;  -999;-999;    8.700;-999;  -999;   4.6; 1034.40;    1.2;   69.00;    4.0;   -0.8;-999;eor
       2961;20230209;   10;  16.4;  11.9;    3;  -999;-999;    1.200;-999;  -999;   5.2; 1024.80;    1.6;   75.00;    4.3;   -0.5;-999;eor
       2961;20230210;   10;  22.1;  12.1;    3;  -999;-999;    0.000;-999;  -999;   7.6; 1025.40;    5.1;   87.00;    6.4;    3.6;-999;eor
       2961;20230211;   10;  18.7;  11.9;    3;  -999;-999;    0.600;-999;  -999;   9.2; 1023.40;    6.9;   92.00;    8.8;    5.6;-999;eor
       2961;20230212;   10;  12.1;   7.5;    3;  -999;-999;    0.400;-999;  -999;   9.1; 1032.70;    6.7;   93.00;    8.3;    5.5;-999;eor
       2961;20230213;   10;   9.2;   6.0;    3;  -999;-999;    0.000;-999;  -999;   6.9; 1033.70;    6.1;   73.00;    7.2;    5.1;-999;eor
       2961;20230214;   10;   7.7;   3.8;    3;  -999;-999;    0.900;-999;  -999;   6.5; 1031.60;    3.8;   81.00;    5.2;    3.1;-999;eor
       2961;20230215;   10;   9.5;   4.2;    3;  -999;-999;    0.000;-999;  -999;   7.2; 1022.50;    2.4;   99.00;    4.4;    0.2;-999;eor
       2961;20230216;   10;  12.9;   8.6;    3;  -999;-999;    0.000;-999;  -999;   8.3; 1015.50;    5.5;   91.00;    7.1;    4.0;-999;eor
       2961;20230217;   10;  31.9;  17.3;    3;  -999;-999;    0.200;-999;  -999;   9.3; 1004.60;    8.2;   85.00;   10.3;    6.5;-999;eor
       2961;20230218;   10;  21.8;  10.2;    3;  -999;-999;    1.900;-999;  -999;   7.3; 1008.50;    4.8;   85.00;    6.8;    2.3;-999;eor
       2961;20230219;   10;  17.5;   8.9;    3;  -999;-999;    8.000;-999;  -999;   6.6; 1014.80;    4.8;   78.00;    7.3;    3.5;-999;eor
       2961;20230220;   10;  25.3;  16.4;    3;  -999;-999;    0.000;-999;  -999;   8.9; 1006.40;    7.1;   88.00;    8.7;    5.1;-999;eor
       2961;20230221;   10;  16.4;   9.3;    3;  -999;-999;    5.500;-999;  -999;   7.8; 1010.20;    7.1;   77.00;    8.5;    5.6;-999;eor
       2961;20230222;   10;  12.2;   6.9;    3;  -999;-999;    0.100;-999;  -999;   8.4; 1011.00;    5.9;   91.00;    7.2;    4.9;-999;eor
       2961;20230223;   10;  15.5;   7.8;    3;  -999;-999;    0.000;-999;  -999;   8.0; 1008.10;    6.1;   84.00;    7.5;    3.9;-999;eor
       2961;20230224;   10;  22.6;  12.5;    3;  -999;-999;    4.000;-999;  -999;   6.9;  995.50;    4.7;   80.00;    7.0;    2.9;-999;eor
       2961;20230225;   10;  21.4;  15.4;    3;  -999;-999;    3.900;-999;  -999;   4.8; 1003.50;    2.4;   67.00;    3.3;    0.2;-999;eor
       2961;20230226;   10;  15.6;   9.0;    3;  -999;-999;    7.200;-999;  -999;   4.7; 1020.30;    2.6;   64.00;    3.7;    1.6;-999;eor
       2961;20230227;   10;   9.2;   4.2;    3;  -999;-999;    1.300;-999;  -999;   6.1; 1027.00;    4.1;   74.00;    6.0;    2.9;-999;eor
       2961;20230228;   10;   6.3;   2.9;    3;  -999;-999;   10.300;-999;  -999;   6.7; 1028.60;    5.2;   76.00;   10.6;    2.9;-999;eor
       2961;20230301;   10;   6.3;   3.6;    3;  -999;-999;    0.000;-999;  -999;   6.6; 1026.70;    1.3;   99.00;    3.4;   -0.2;-999;eor
       2961;20230302;   10;   7.2;   2.3;    3;  -999;-999;    3.400;-999;  -999;   6.4; 1023.10;    2.5;   88.00;    6.1;    0.1;-999;eor
       2961;20230303;   10;  16.6;   8.3;    3;  -999;-999;    4.300;-999;  -999;   6.8; 1018.40;    3.7;   85.00;    5.8;    0.4;-999;eor
       2961;20230304;   10;  21.0;  10.0;    3;  -999;-999;    3.500;-999;  -999;   5.7; 1013.90;    4.5;   68.00;    6.4;    2.6;-999;eor
       2961;20230305;   10;  14.9;   8.3;    3;  -999;-999;    5.300;-999;  -999;   4.6; 1006.90;    2.6;   63.00;    4.1;    1.1;-999;eor
       2961;20230306;   10;  17.9;   7.8;    3;  -999;-999;    8.200;-999;  -999;   5.1;  998.00;    2.2;   73.00;    4.5;   -0.3;-999;eor
       2961;20230307;   10;  28.7;  15.2;    3;  -999;-999;    7.300;-999;  -999;   5.1;  985.90;    2.3;   70.00;    3.8;   -0.1;-999;eor
       2961;20230308;   10;   9.8;   5.1;    3;  -999;-999;    6.800;-999;  -999;   5.1;  993.10;    0.7;   80.00;    3.7;   -0.7;-999;eor
       2961;20230309;   10;   8.5;   5.4;    3;  -999;-999;    4.000;-999;  -999;   5.0;  994.90;    1.9;   72.00;    2.6;    1.2;-999;eor
       2961;20230310;   10;  14.9;  10.1;    3;  -999;-999;    0.000;-999;  -999;   5.1;  989.90;    1.8;   73.00;    2.5;    0.9;-999;eor
       2961;20230311;   10;  22.2;  10.2;    3;  -999;-999;    7.200;-999;  -999;   5.4; 1001.10;    2.0;   77.00;    4.7;   -0.6;-999;eor
       2961;20230312;   10;  15.3;   8.7;    3;  -999;-999;    2.100;-999;  -999;   6.0; 1003.10;    2.0;   84.00;    6.9;    0.4;-999;eor
       2961;20230313;   10;  35.8;  17.6;    3;  -999;-999;    1.600;-999;  -999;   9.4;  986.40;   10.3;   77.00;   14.0;    6.5;-999;eor
       2961;20230314;   10;  22.0;  14.1;    3;  -999;-999;    1.700;-999;  -999;   7.0;  987.60;    5.9;   74.00;   10.7;    2.0;-999;eor
       2961;20230315;   10;  20.8;  10.1;    3;  -999;-999;    7.300;-999;  -999;   5.9; 1008.70;    2.7;   80.00;    5.8;   -0.1;-999;eor
       2961;20230316;   10;  18.4;  10.2;    3;  -999;-999;    1.600;-999;  -999;   5.0; 1014.10;    5.0;   60.00;    7.8;    1.0;-999;eor
       2961;20230317;   10;  17.1;   8.6;    3;  -999;-999;    5.900;-999;  -999;   6.7; 1005.60;    9.2;   58.00;   14.6;    4.8;-999;eor
       2961;20230318;   10;  12.3;   6.5;    3;  -999;-999;    2.400;-999;  -999;   9.6; 1006.50;   10.6;   75.00;   12.3;    8.5;-999;eor
       2961;20230319;   10;  13.0;   4.8;    3;  -999;-999;    1.400;-999;  -999;  10.3; 1010.30;    9.6;   86.00;   12.5;    6.0;-999;eor
       2961;20230320;   10;  14.6;   8.3;    3;  -999;-999;    0.000;-999;  -999;   8.9; 1012.00;    6.5;   92.00;    8.2;    5.3;-999;eor
       2961;20230321;   10;  13.6;   7.3;    3;  -999;-999;    0.000;-999;  -999;  10.5; 1008.40;    8.1;   97.00;    9.7;    6.2;-999;eor
       2961;20230322;   10;  19.2;  12.3;    3;  -999;-999;    0.100;-999;  -999;  10.3; 1000.60;    9.6;   86.00;   12.3;    8.1;-999;eor
       2961;20230323;   10;  22.1;  11.5;    3;  -999;-999;    7.900;-999;  -999;   9.6;  996.80;   10.2;   78.00;   11.8;    8.3;-999;eor
       2961;20230324;   10;  26.7;  13.2;    3;  -999;-999;    7.300;-999;  -999;   9.4;  993.30;    9.9;   77.00;   11.4;    8.2;-999;eor
       2961;20230325;   10;  17.0;  10.5;    3;  -999;-999;    1.800;-999;  -999;   9.2;  993.80;    7.7;   87.00;    9.0;    6.3;-999;eor
       2961;20230326;   10;  17.7;   9.0;    3;  -999;-999;    9.100;-999;  -999;   6.3;  999.90;    5.7;   69.00;    8.0;    2.8;-999;eor
       2961;20230327;   10;  26.1;  10.6;    3;  -999;-999;    7.500;-999;  -999;   5.4; 1009.40;    3.0;   72.00;    5.6;    0.9;-999;eor
       2961;20230328;   10;  15.1;   5.8;    3;  -999;-999;    8.200;-999;  -999;   5.5; 1018.00;    4.0;   68.00;    7.9;    0.8;-999;eor
       2961;20230329;   10;  13.0;   7.4;    3;  -999;-999;    0.100;-999;  -999;   7.9; 1009.90;    5.6;   86.00;    8.5;    2.7;-999;eor
       2961;20230330;   10;  19.5;  11.2;    3;  -999;-999;    0.600;-999;  -999;  10.4;  998.60;    9.5;   88.00;   13.1;    6.9;-999;eor
       2961;20230331;   10;  18.8;   7.1;    3;  -999;-999;    0.500;-999;  -999;  10.8;  993.30;    9.2;   93.00;   11.1;    5.4;-999;eor
       2961;20230401;   10;  23.0;  17.2;    3;  -999;-999;    3.300;-999;  -999;   6.6; 1001.90;    4.1;   80.00;    5.4;    3.4;-999;eor
       2961;20230402;   10;  17.2;   9.7;    3;  -999;-999;   12.900;-999;  -999;   5.0; 1023.00;    4.2;   61.00;    5.2;    3.2;-999;eor
       2961;20230403;   10;   8.5;   3.3;    3;  -999;-999;   12.400;-999;  -999;   5.3; 1031.10;    4.0;   65.00;    6.5;    2.2;-999;eor
       2961;20230404;   10;   5.7;   2.1;    3;  -999;-999;   11.000;-999;  -999;   4.6; 1026.30;    4.6;   55.00;   10.8;    1.5;-999;eor
       2961;20230405;   10;   6.4;   3.4;    3;  -999;-999;    8.900;-999;  -999;   6.2; 1020.10;    5.2;   70.00;    9.0;    3.3;-999;eor
       2961;20230406;   10;  15.6;   8.5;    3;  -999;-999;   11.700;-999;  -999;   6.5; 1016.00;    5.4;   73.00;    7.2;    3.0;-999;eor
       2961;20230407;   10;  14.7;   9.5;    3;  -999;-999;    8.400;-999;  -999;   6.8; 1019.20;    4.8;   79.00;    5.7;    4.1;-999;eor
       2961;20230408;   10;   9.5;   5.0;    3;  -999;-999;    5.900;-999;  -999;   8.0; 1024.10;    5.3;   90.00;    6.6;    4.2;-999;eor
       2961;20230409;   10;  10.7;   5.4;    3;  -999;-999;    9.900;-999;  -999;   8.1; 1024.30;    5.8;   88.00;    7.1;    4.6;-999;eor
       2961;20230410;   10;  18.8;  10.0;    3;  -999;-999;    8.200;-999;  -999;   8.1; 1014.60;   10.9;   65.00;   15.4;    5.6;-999;eor
       2961;20230411;   10;  18.5;   8.5;    3;  -999;-999;    0.900;-999;  -999;   8.8; 1003.80;    7.3;   86.00;    9.8;    5.1;-999;eor
       2961;20230412;   10;  20.5;   9.5;    3;  -999;-999;    3.100;-999;  -999;   8.1;  998.60;    7.3;   80.00;   10.7;    4.4;-999;eor
       2961;20230413;   10;  22.4;   7.9;    3;  -999;-999;    6.400;-999;  -999;   8.0;  998.90;    7.7;   77.00;   11.1;    4.7;-999;eor
       2961;20230414;   10;  11.0;   4.6;    3;  -999;-999;    1.900;-999;  -999;   8.7; 1008.30;    6.9;   87.00;    8.2;    5.8;-999;eor
       2961;20230415;   10;  14.1;   8.7;    3;  -999;-999;    5.100;-999;  -999;   9.6; 1010.60;    8.1;   89.00;   10.5;    6.4;-999;eor
       2961;20230416;   10;   9.2;   5.4;    3;  -999;-999;    0.000;-999;  -999;   9.3; 1019.80;    8.3;   85.00;   10.0;    7.5;-999;eor
       2961;20230417;   10;   9.5;   5.0;    3;  -999;-999;   13.100;-999;  -999;   8.5; 1025.60;    7.8;   80.00;    9.4;    7.1;-999;eor
       2961;20230418;   10;  13.1;   8.5;    3;  -999;-999;    7.100;-999;  -999;   7.3; 1029.30;    7.8;   69.00;    9.6;    6.7;-999;eor
       2961;20230419;   10;  16.1;   9.7;    3;  -999;-999;   13.900;-999;  -999;   7.2; 1026.90;    8.7;   65.00;   10.3;    7.0;-999;eor
       2961;20230420;   10;  17.6;  11.7;    3;  -999;-999;    7.300;-999;  -999;   7.7; 1020.90;    8.0;   72.00;    9.1;    6.8;-999;eor
       2961;20230421;   10;  17.8;  11.8;    3;  -999;-999;   13.700;-999;  -999;   8.0; 1016.80;    8.7;   71.00;   10.4;    7.6;-999;eor
       2961;20230422;   10;  15.8;   9.4;    3;  -999;-999;   11.800;-999;  -999;   9.7; 1006.20;   12.5;   68.00;   19.5;    7.3;-999;eor
       2961;20230423;   10;  11.6;   6.5;    3;  -999;-999;    6.600;-999;  -999;  10.4; 1001.80;   10.8;   80.00;   14.8;    8.8;-999;eor
       2961;20230424;   10;  19.9;  11.3;    3;  -999;-999;    2.800;-999;  -999;  10.0;  996.30;   10.2;   80.00;   12.5;    7.0;-999;eor
       2961;20230425;   10;  20.9;  13.0;    3;  -999;-999;    4.700;-999;  -999;   6.5; 1003.50;    6.4;   67.00;    7.9;    5.1;-999;eor
       2961;20230426;   10;  16.0;  10.8;    3;  -999;-999;    9.700;-999;  -999;   6.3; 1011.10;    6.1;   68.00;    8.1;    4.3;-999;eor
       2961;20230427;   10;  12.1;   7.6;    3;  -999;-999;    8.500;-999;  -999;   6.5; 1015.80;    6.4;   68.00;    8.2;    3.1;-999;eor
       2961;20230428;   10;  13.2;   8.3;    3;  -999;-999;    7.000;-999;  -999;   8.0; 1011.90;    7.7;   76.00;    9.2;    5.8;-999;eor
       2961;20230429;   10;  14.3;   8.0;    3;  -999;-999;    9.300;-999;  -999;   7.7; 1013.50;    9.2;   66.00;   14.4;    5.6;-999;eor
       2961;20230430;   10;  10.8;   5.1;    3;  -999;-999;   13.900;-999;  -999;   6.6; 1020.10;    7.8;   62.00;   12.3;    5.1;-999;eor
       2961;20230501;   10;  11.0;   5.9;    3;  -999;-999;   13.400;-999;  -999;   7.7; 1012.70;   10.6;   61.00;   15.4;    6.6;-999;eor
       2961;20230502;   10;  18.1;   9.7;    3;  -999;-999;    9.500;-999;  -999;   7.0; 1018.30;    8.0;   65.00;   10.7;    5.5;-999;eor
       2961;20230503;   10;   8.8;   4.7;    3;  -999;-999;    7.700;-999;  -999;   7.4; 1025.30;    8.3;   68.00;   12.2;    5.6;-999;eor
       2961;20230504;   10;  17.2;   6.7;    3;  -999;-999;    7.000;-999;  -999;   8.7; 1021.90;    8.9;   76.00;   10.2;    7.5;-999;eor
       2961;20230505;   10;  26.8;  20.1;    3;  -999;-999;    6.700;-999;  -999;   8.2; 1017.50;    7.6;   78.00;    8.6;    6.2;-999;eor
       2961;20230506;   10;  22.5;  15.1;    3;  -999;-999;    0.000;-999;  -999;   8.9; 1017.40;    7.2;   88.00;    7.9;    6.3;-999;eor
       2961;20230507;   10;  15.1;  11.2;    3;  -999;-999;   11.300;-999;  -999;   9.3; 1020.70;    9.4;   79.00;   11.1;    7.8;-999;eor
       2961;20230508;   10;  14.3;   8.7;    3;  -999;-999;   14.700;-999;  -999;   8.1; 1021.40;   12.0;   59.00;   16.5;    8.7;-999;eor
       2961;20230509;   10;  16.0;  10.0;    3;  -999;-999;   14.100;-999;  -999;   8.4; 1012.40;   13.7;   54.00;   17.9;   10.0;-999;eor
       2961;20230510;   10;  11.8;   7.3;    3;  -999;-999;    7.800;-999;  -999;  11.3; 1007.30;   12.3;   79.00;   15.0;   10.2;-999;eor
       2961;20230511;   10;  11.6;   5.9;    3;  -999;-999;    6.700;-999;  -999;  12.4; 1013.30;   11.6;   91.00;   15.3;    9.8;-999;eor
       2961;20230512;   10;  12.2;   8.2;    3;  -999;-999;   12.200;-999;  -999;  10.5; 1018.50;   12.8;   71.00;   14.9;   11.4;-999;eor
       2961;20230513;   10;  11.8;   7.5;    3;  -999;-999;   14.900;-999;  -999;  10.5; 1020.20;   13.0;   71.00;   17.2;   11.0;-999;eor
       2961;20230514;   10;  10.9;   5.8;    3;  -999;-999;   13.200;-999;  -999;  11.1; 1015.70;   13.9;   71.00;   18.1;   11.4;-999;eor
       2961;20230515;   10;  15.3;   5.9;    3;  -999;-999;   10.500;-999;  -999;  11.3; 1008.40;   14.5;   69.00;   19.3;    9.0;-999;eor
       2961;20230516;   10;  18.9;  12.6;    3;  -999;-999;    3.000;-999;  -999;   8.8; 1010.80;    9.7;   73.00;   10.6;    8.4;-999;eor
       2961;20230517;   10;  20.3;  11.5;    3;  -999;-999;    7.900;-999;  -999;   6.8; 1019.80;    8.9;   60.00;   11.2;    7.0;-999;eor
       2961;20230518;   10;  10.3;   4.4;    3;  -999;-999;   11.100;-999;  -999;   7.5; 1026.10;    9.0;   65.00;   12.6;    6.6;-999;eor
       2961;20230519;   10;  10.4;   4.6;    3;  -999;-999;   11.700;-999;  -999;   9.6; 1026.30;   11.2;   72.00;   13.0;    9.5;-999;eor
       2961;20230520;   10;  16.0;  10.1;    3;  -999;-999;   12.100;-999;  -999;  10.0; 1024.00;   11.9;   72.00;   12.7;   10.7;-999;eor
       2961;20230521;   10;  12.4;   8.9;    3;  -999;-999;    5.300;-999;  -999;  12.6; 1017.90;   13.1;   83.00;   15.1;   11.3;-999;eor
       2961;20230522;   10;  14.7;   9.4;    3;  -999;-999;    7.700;-999;  -999;  12.8; 1013.30;   14.0;   80.00;   16.4;   12.4;-999;eor
       2961;20230523;   10;  17.6;  10.0;    3;  -999;-999;    1.500;-999;  -999;  11.0; 1012.00;   12.0;   78.00;   14.5;    9.9;-999;eor
       2961;20230524;   10;  11.8;   5.5;    3;  -999;-999;   10.800;-999;  -999;  11.1; 1017.60;   12.5;   77.00;   17.0;    9.6;-999;eor
       2961;20230525;   10;  14.9;   7.7;    3;  -999;-999;   12.400;-999;  -999;   9.8; 1022.70;   12.4;   69.00;   16.0;    9.5;-999;eor
       2961;20230526;   10;  15.8;   7.7;    3;  -999;-999;   14.200;-999;  -999;   9.2; 1025.90;   12.3;   65.00;   17.4;    8.7;-999;eor
       2961;20230527;   10;   9.1;   4.1;    3;  -999;-999;   14.600;-999;  -999;   9.8; 1024.20;   12.6;   68.00;   15.7;    9.9;-999;eor
       2961;20230528;   10;  12.7;   5.0;    3;  -999;-999;    9.500;-999;  -999;  11.0; 1019.50;   13.3;   72.00;   17.6;   10.2;-999;eor
       2961;20230529;   10;  13.0;   6.1;    3;  -999;-999;   13.600;-999;  -999;   9.3; 1021.00;   12.5;   65.00;   17.7;    8.5;-999;eor
       2961;20230530;   10;  12.4;   4.1;    3;  -999;-999;    8.700;-999;  -999;  10.9; 1023.50;   13.3;   72.00;   17.3;    9.9;-999;eor
       2961;20230531;   10;  14.2;   7.8;    3;  -999;-999;   15.700;-999;  -999;  11.9; 1021.10;   14.4;   73.00;   17.4;   10.4;-999;eor
       2961;20230601;   10;  14.4;   8.9;    3;  -999;-999;   10.900;-999;  -999;  10.7; 1015.30;   12.8;   72.00;   16.6;   10.3;-999;eor
       2961;20230602;   10;  14.2;   7.2;    3;  -999;-999;   13.800;-999;  -999;   9.8; 1019.60;   13.6;   63.00;   16.1;   11.9;-999;eor
       2961;20230603;   10;   7.4;   3.6;    3;  -999;-999;   14.800;-999;  -999;   9.2; 1021.30;   14.6;   56.00;   16.0;   12.1;-999;eor
       2961;20230604;   10;   8.0;   4.5;    3;  -999;-999;   15.100;-999;  -999;  11.6; 1020.20;   13.5;   75.00;   17.3;   10.8;-999;eor
       2961;20230605;   10;   7.1;   3.4;    3;  -999;-999;   12.900;-999;  -999;  12.6; 1019.70;   14.3;   78.00;   17.5;   11.0;-999;eor
       2961;20230606;   10;   8.5;   4.3;    3;  -999;-999;   16.000;-999;  -999;  13.5; 1018.00;   14.7;   81.00;   18.6;   11.7;-999;eor
       2961;20230607;   10;   8.3;   4.0;    3;  -999;-999;   11.400;-999;  -999;  12.7; 1017.30;   13.3;   83.00;   16.2;    9.4;-999;eor
       2961;20230608;   10;   8.3;   3.6;    3;  -999;-999;   11.800;-999;  -999;  12.0; 1015.70;   14.2;   76.00;   19.5;    8.8;-999;eor
       2961;20230609;   10;  15.2;   7.6;    3;  -999;-999;   15.500;-999;  -999;  14.9; 1016.10;   15.8;   83.00;   18.2;   13.9;-999;eor
       2961;20230610;   10;  22.9;  14.3;    3;  -999;-999;   15.900;-999;  -999;  12.6; 1017.80;   15.4;   72.00;   17.0;   14.1;-999;eor
       2961;20230611;   10;  17.7;  12.3;    3;  -999;-999;   16.100;-999;  -999;  13.6; 1018.90;   15.6;   77.00;   16.8;   14.3;-999;eor
       2961;20230612;   10;  14.5;  10.4;    3;  -999;-999;   15.400;-999;  -999;  14.0; 1017.70;   16.6;   74.00;   20.5;   14.2;-999;eor
       2961;20230613;   10;  14.4;  10.0;    3;  -999;-999;   16.400;-999;  -999;  12.0; 1016.40;   16.2;   65.00;   18.3;   14.3;-999;eor
       2961;20230614;   10;  11.5;   5.7;    3;  -999;-999;   16.200;-999;  -999;  13.9; 1018.30;   16.6;   74.00;   18.8;   14.8;-999;eor
       2961;20230615;   10;  11.2;   4.8;    3;  -999;-999;    6.500;-999;  -999;  13.5; 1016.60;   18.4;   65.00;   21.1;   15.9;-999;eor
       2961;20230616;   10;  10.0;   3.8;    3;  -999;-999;    4.100;-999;  -999;  15.7; 1012.50;   17.7;   78.00;   21.3;   14.6;-999;eor
       2961;20230617;   10;   6.1;   2.3;    3;  -999;-999;   15.600;-999;  -999;  16.2; 1011.50;   19.5;   73.00;   24.2;   16.1;-999;eor
       2961;20230618;   10;   9.2;   3.7;    3;  -999;-999;   13.300;-999;  -999;  16.8; 1011.10;   20.2;   72.00;   24.8;   17.2;-999;eor
       2961;20230619;   10;  11.0;   6.4;    3;  -999;-999;    5.600;-999;  -999;  17.9; 1009.40;   19.5;   79.00;   22.6;   16.7;-999;eor
       2961;20230620;   10;  10.0;   4.2;    3;  -999;-999;    9.300;-999;  -999;  17.6; 1011.00;   18.5;   83.00;   20.6;   16.1;-999;eor
       2961;20230621;   10;  14.6;   8.1;    3;  -999;-999;   11.300;-999;  -999;  17.8; 1011.40;   19.7;   78.00;   21.4;   17.8;-999;eor
       2961;20230622;   10;   9.0;   4.5;    3;  -999;-999;   12.900;-999;  -999;  15.9; 1015.80;   19.8;   69.00;   23.7;   16.9;-999;eor
       2961;20230623;   10;  14.6;   7.8;    3;  -999;-999;    5.700;-999;  -999;  15.5; 1016.10;   19.7;   67.00;   23.2;   16.0;-999;eor
       2961;20230624;   10;  12.0;   4.8;    3;  -999;-999;    7.900;-999;  -999;  15.0; 1019.70;   19.2;   69.00;   23.2;   15.1;-999;eor
       2961;20230625;   10;   9.3;   4.4;    3;  -999;-999;   15.800;-999;  -999;  18.3; 1015.70;   20.9;   74.00;   24.2;   18.5;-999;eor
       2961;20230626;   10;  18.4;   9.8;    3;  -999;-999;   10.600;-999;  -999;  16.6; 1009.30;   20.1;   70.00;   27.3;   16.0;-999;eor
       2961;20230627;   10;  18.5;  11.6;    3;  -999;-999;   12.500;-999;  -999;  12.7; 1011.10;   17.1;   65.00;   19.8;   15.0;-999;eor
       2961;20230628;   10;  13.3;   7.2;    3;  -999;-999;   13.400;-999;  -999;  14.5; 1013.00;   18.2;   70.00;   21.8;   15.2;-999;eor
       2961;20230629;   10;  20.2;   5.7;    3;  -999;-999;    1.200;-999;  -999;  18.5; 1009.80;   19.3;   83.00;   22.1;   17.0;-999;eor
       2961;20230630;   10;  11.4;   6.0;    3;  -999;-999;   10.600;-999;  -999;  13.5; 1007.30;   17.6;   67.00;   21.3;   15.2;-999;eor
       2961;20230701;   10;  17.0;  11.1;    3;  -999;-999;    0.400;-999;  -999;  15.5;  998.30;   16.7;   82.00;   18.8;   14.2;-999;eor
       2961;20230702;   10;  26.8;  14.9;    3;  -999;-999;    9.000;-999;  -999;  12.7;  999.10;   16.2;   69.00;   17.6;   14.1;-999;eor
       2961;20230703;   10;  24.2;  12.9;    3;  -999;-999;    7.300;-999;  -999;  11.8; 1001.50;   14.9;   70.00;   17.5;   12.7;-999;eor
       2961;20230704;   10;  28.8;  12.4;    3;  -999;-999;    9.900;-999;  -999;  12.2; 1005.00;   14.9;   73.00;   17.3;    8.6;-999;eor
       2961;20230705;   10;  29.0;  13.8;    3;  -999;-999;    2.300;-999;  -999;  13.3; 1002.60;   15.1;   78.00;   18.3;   13.0;-999;eor
       2961;20230706;   10;  18.0;   9.6;    3;  -999;-999;   11.600;-999;  -999;  12.2; 1012.00;   16.1;   68.00;   18.6;   12.9;-999;eor
       2961;20230707;   10;   9.0;   4.1;    3;  -999;-999;   14.100;-999;  -999;  14.2; 1018.60;   18.4;   67.00;   23.6;   14.9;-999;eor
       2961;20230708;   10;  10.8;   6.5;    3;  -999;-999;   16.000;-999;  -999;  16.1; 1018.80;   19.0;   73.00;   20.6;   17.9;-999;eor
       2961;20230709;   10;  20.1;   8.6;    3;  -999;-999;   13.000;-999;  -999;  16.7; 1017.40;   19.8;   72.00;   23.2;   17.9;-999;eor
       2961;20230710;   10;  12.5;   6.4;    3;  -999;-999;    8.800;-999;  -999;  18.1; 1014.90;   19.5;   80.00;   21.1;   17.0;-999;eor
       2961;20230711;   10;  13.6;   6.8;    3;  -999;-999;   10.800;-999;  -999;  16.2; 1010.20;   21.5;   66.00;   27.7;   16.0;-999;eor
       2961;20230712;   10;  23.6;   8.5;    3;  -999;-999;    7.800;-999;  -999;  16.9; 1004.70;   18.5;   80.00;   20.9;   15.9;-999;eor
       2961;20230713;   10;  17.7;   9.9;    3;  -999;-999;    7.500;-999;  -999;  14.7; 1009.80;   17.1;   76.00;   19.4;   15.0;-999;eor
       2961;20230714;   10;  10.4;   6.3;    3;  -999;-999;    7.100;-999;  -999;  16.0; 1011.80;   17.6;   79.00;   22.2;   14.3;-999;eor
       2961;20230715;   10;  19.8;  10.3;    3;  -999;-999;    7.800;-999;  -999;  16.1; 1002.90;   23.5;   56.00;   28.5;   17.1;-999;eor
       2961;20230716;   10;  25.2;  11.7;    3;  -999;-999;    7.900;-999;  -999;  15.1; 1006.90;   19.0;   69.00;   21.7;   17.0;-999;eor
       2961;20230717;   10;  17.1;   9.8;    3;  -999;-999;    6.200;-999;  -999;  14.5; 1011.70;   16.8;   76.00;   18.6;   14.4;-999;eor
       2961;20230718;   10;  12.0;   8.1;    3;  -999;-999;   10.500;-999;  -999;  13.5; 1013.80;   16.9;   71.00;   19.4;   13.7;-999;eor
       2961;20230719;   10;  11.0;   4.6;    3;  -999;-999;    1.200;-999;  -999;  13.7; 1009.10;   15.5;   78.00;   17.3;   14.4;-999;eor
       2961;20230720;   10;  16.5;   8.7;    3;  -999;-999;   11.500;-999;  -999;  12.8; 1008.50;   15.7;   72.00;   18.5;   13.5;-999;eor
       2961;20230721;   10;  14.9;   6.4;    3;  -999;-999;    6.000;-999;  -999;  12.8; 1006.90;   15.2;   75.00;   18.5;   12.4;-999;eor
       2961;20230722;   10;  18.7;   8.4;    3;  -999;-999;    6.200;-999;  -999;  13.6; 1007.20;   14.7;   81.00;   17.1;   12.8;-999;eor
       2961;20230723;   10;  17.0;  11.0;    3;  -999;-999;    0.100;-999;  -999;  16.3; 1001.70;   15.6;   92.00;   17.7;   13.8;-999;eor
       2961;20230724;   10;  17.1;   9.1;    3;  -999;-999;    2.800;-999;  -999;  16.9;  996.70;   17.7;   83.00;   20.2;   15.0;-999;eor
       2961;20230725;   10;  15.3;   9.5;    3;  -999;-999;   11.100;-999;  -999;  12.8; 1000.20;   15.8;   71.00;   17.8;   13.3;-999;eor
       2961;20230726;   10;  20.0;   9.5;    3;  -999;-999;    8.300;-999;  -999;  12.2; 1004.70;   14.9;   73.00;   16.8;   12.8;-999;eor
       2961;20230727;   10;  13.8;   6.9;    3;  -999;-999;    6.900;-999;  -999;  14.4; 1002.10;   15.9;   80.00;   18.2;   13.6;-999;eor
       2961;20230728;   10;   6.8;   3.4;    3;  -999;-999;   10.900;-999;  -999;  15.9; 1001.80;   18.2;   76.00;   20.4;   15.8;-999;eor
       2961;20230729;   10;  13.8;   6.6;    3;  -999;-999;    9.400;-999;  -999;  17.6; 1002.10;   18.4;   83.00;   21.7;   15.6;-999;eor
       2961;20230730;   10;  26.3;   8.8;    3;  -999;-999;    7.100;-999;  -999;  15.5; 1003.80;   16.7;   82.00;   20.0;   13.6;-999;eor
       2961;20230731;   10;  17.0;   9.2;    3;  -999;-999;    0.200;-999;  -999;  15.9;  999.50;   15.7;   89.00;   17.1;   14.2;-999;eor
       2961;20230801;   10;  17.2;   8.4;    3;  -999;-999;    4.800;-999;  -999;  16.5;  991.60;   16.5;   88.00;   18.4;   14.9;-999;eor
       2961;20230802;   10;  13.8;   7.3;    3;  -999;-999;    3.800;-999;  -999;  16.6;  990.90;   16.7;   88.00;   19.1;   14.8;-999;eor
       2961;20230803;   10;  13.2;   6.4;    3;  -999;-999;    4.700;-999;  -999;  16.9;  990.90;   17.2;   86.00;   20.0;   15.1;-999;eor
       2961;20230804;   10;  11.8;   8.3;    3;  -999;-999;    4.100;-999;  -999;  14.7; 1006.30;   17.1;   76.00;   19.2;   14.7;-999;eor
       2961;20230805;   10;  12.8;   6.2;    3;  -999;-999;    5.800;-999;  -999;  14.5; 1009.40;   16.8;   76.00;   19.9;   14.3;-999;eor
       2961;20230806;   10;  13.3;   8.5;    3;  -999;-999;    1.700;-999;  -999;  14.6; 1002.90;   17.3;   74.00;   18.3;   15.8;-999;eor
       2961;20230807;   10;-999;  15.9;    3;  -999;-999;    2.100;-999;  -999;  12.6;  999.50;   15.7;   71.00;   17.0;   14.3;-999;eor
       2961;20230808;   10;  22.3;  15.4;    3;  -999;-999;    9.200;-999;  -999;  12.0; 1000.50;   14.5;   73.00;   16.2;   12.5;-999;eor
       2961;20230809;   10;  21.2;  12.1;    3;  -999;-999;    7.200;-999;  -999;  11.7; 1008.10;   14.9;   70.00;   17.2;   12.4;-999;eor
       2961;20230810;   10;  15.6;   7.7;    3;  -999;-999;   10.900;-999;  -999;  11.7; 1016.10;   15.5;   67.00;   17.6;   12.5;-999;eor
       2961;20230811;   10;  10.7;   6.1;    3;  -999;-999;    3.200;-999;  -999;  15.0; 1016.40;   18.2;   71.00;   23.4;   13.6;-999;eor
       2961;20230812;   10;  11.8;   5.4;    3;  -999;-999;    0.300;-999;  -999;  18.8; 1011.70;   18.4;   89.00;   20.5;   16.0;-999;eor
       2961;20230813;   10;  11.0;   5.6;    3;  -999;-999;    8.800;-999;  -999;  16.3; 1012.70;   18.4;   78.00;   24.3;   15.3;-999;eor
       2961;20230814;   10;  10.2;   5.1;    3;  -999;-999;   12.700;-999;  -999;  16.6; 1012.10;   19.8;   72.00;   23.1;   16.7;-999;eor
       2961;20230815;   10;  13.6;   6.4;    3;  -999;-999;    7.300;-999;  -999;  18.1; 1011.50;   20.3;   76.00;   23.0;   16.6;-999;eor
       2961;20230816;   10;   8.6;   5.7;    3;  -999;-999;   13.700;-999;  -999;  15.3; 1018.30;   17.9;   75.00;   21.1;   15.4;-999;eor
       2961;20230817;   10;  13.7;   8.6;    3;  -999;-999;    0.000;-999;  -999;  16.5; 1019.70;   16.7;   87.00;   17.9;   15.8;-999;eor
       2961;20230818;   10;  14.8;  10.5;    3;  -999;-999;    4.800;-999;  -999;  18.3; 1016.50;   17.6;   91.00;   18.6;   16.7;-999;eor
       2961;20230819;   10;  15.1;   9.6;    3;  -999;-999;    1.400;-999;  -999;  20.7; 1014.00;   18.9;   95.00;   23.1;   17.1;-999;eor
       2961;20230820;   10;   9.2;   4.2;    3;  -999;-999;    9.600;-999;  -999;  18.2; 1018.30;   19.3;   82.00;   23.1;   16.0;-999;eor
       2961;20230821;   10;   8.3;   4.0;    3;  -999;-999;   10.300;-999;  -999;  16.8; 1019.30;   19.3;   77.00;   24.8;   16.0;-999;eor
       2961;20230822;   10;   9.2;   5.6;    3;  -999;-999;   12.000;-999;  -999;  15.5; 1016.10;   20.0;   67.00;   23.2;   17.6;-999;eor
       2961;20230823;   10;  11.6;   6.0;    3;  -999;-999;    6.200;-999;  -999;  17.3; 1015.30;   19.0;   79.00;   21.9;   16.5;-999;eor
       2961;20230824;   10;  11.4;   5.5;    3;  -999;-999;    8.900;-999;  -999;  16.7; 1012.30;   17.8;   82.00;   21.8;   15.6;-999;eor
       2961;20230825;   10;  11.0;   4.9;    3;  -999;-999;    3.300;-999;  -999;  19.9; 1004.00;   19.4;   88.00;   24.6;   17.7;-999;eor
       2961;20230826;   10;  15.9;   7.3;    3;  -999;-999;    8.000;-999;  -999;  16.3; 1004.80;   17.8;   80.00;   19.8;   15.1;-999;eor
       2961;20230827;   10;  14.3;   6.0;    3;  -999;-999;    7.100;-999;  -999;  14.8; 1004.80;   16.2;   81.00;   19.5;   13.7;-999;eor
       2961;20230828;   10;  14.2;   7.1;    3;  -999;-999;    8.600;-999;  -999;  13.9; 1006.20;   16.4;   76.00;   21.9;   12.8;-999;eor
       2961;20230829;   10;   6.6;   3.2;    3;  -999;-999;    6.100;-999;  -999;  14.2; 1007.40;   16.5;   76.00;   19.8;   15.2;-999;eor
       2961;20230830;   10;  10.1;   4.3;    3;  -999;-999;    5.300;-999;  -999;  14.0; 1002.60;   16.5;   75.00;   19.3;   14.2;-999;eor
       2961;20230831;   10;  13.3;   8.6;    3;  -999;-999;    7.800;-999;  -999;  13.4; 1002.80;   15.0;   79.00;   17.2;   13.1;-999;eor
       2961;20230901;   10;  11.8;   6.6;    3;  -999;-999;    9.700;-999;  -999;  15.1; 1009.10;   16.6;   80.00;   22.4;   13.5;-999;eor
       2961;20230902;   10;  11.6;   6.4;    3;  -999;-999;   12.600;-999;  -999;  14.8; 1017.00;   17.1;   76.00;   20.2;   13.7;-999;eor
       2961;20230903;   10;  11.3;   7.9;    3;  -999;-999;    7.800;-999;  -999;  15.1; 1022.90;   17.1;   77.00;   19.4;   14.4;-999;eor
       2961;20230904;   10;  10.3;   4.4;    3;  -999;-999;   13.000;-999;  -999;  16.3; 1024.10;   18.9;   76.00;   25.6;   14.9;-999;eor
       2961;20230905;   10;   6.5;   2.9;    3;  -999;-999;   12.200;-999;  -999;  16.9; 1019.70;   19.3;   76.00;   21.9;   17.1;-999;eor
       2961;20230906;   10;  12.5;   7.4;    3;  -999;-999;   12.900;-999;  -999;  19.3; 1020.10;   19.6;   84.00;   21.0;   18.8;-999;eor
       2961;20230907;   10;  13.6;   9.6;    3;  -999;-999;    9.100;-999;  -999;  19.6; 1021.20;   18.5;   92.00;   20.3;   16.7;-999;eor
       2961;20230908;   10;  11.2;   7.7;    3;  -999;-999;   12.600;-999;  -999;  18.4; 1016.70;   20.7;   76.00;   24.6;   18.2;-999;eor
       2961;20230909;   10;   8.1;   3.0;    3;  -999;-999;   12.500;-999;  -999;  17.1; 1013.70;   22.5;   63.00;   26.2;   18.5;-999;eor
       2961;20230910;   10;   8.4;   3.6;    3;  -999;-999;    5.600;-999;  -999;  18.8; 1014.70;   18.1;   91.00;   23.2;   16.1;-999;eor
       2961;20230911;   10;   8.1;   4.7;    3;  -999;-999;    8.300;-999;  -999;  19.1; 1010.10;   19.1;   87.00;   25.7;   14.6;-999;eor
       2961;20230912;   10;  10.3;   5.7;    3;  -999;-999;    5.500;-999;  -999;  19.7; 1009.20;   19.8;   85.00;   22.2;   16.9;-999;eor
       2961;20230913;   10;  13.2;   8.8;    3;  -999;-999;    3.200;-999;  -999;  13.4; 1012.60;   16.3;   72.00;   17.5;   14.5;-999;eor
       2961;20230914;   10;  10.2;   4.7;    3;  -999;-999;    9.500;-999;  -999;  11.9; 1019.40;   15.6;   68.00;   20.6;   12.7;-999;eor
       2961;20230915;   10;  12.4;   6.4;    3;  -999;-999;   11.600;-999;  -999;  13.9; 1018.30;   16.5;   74.00;   18.6;   13.6;-999;eor
       2961;20230916;   10;  10.3;   6.5;    3;  -999;-999;   10.400;-999;  -999;  16.1; 1013.30;   18.6;   75.00;   21.9;   15.9;-999;eor
       2961;20230917;   10;  15.7;   7.3;    3;  -999;-999;    7.500;-999;  -999;  17.8; 1011.80;   18.9;   81.00;   20.5;   17.1;-999;eor
       2961;20230918;   10;  19.1;   9.6;    3;  -999;-999;    2.600;-999;  -999;  18.7; 1001.30;   20.0;   80.00;   23.0;   17.3;-999;eor
       2961;20230919;   10;  29.8;  16.8;    3;  -999;-999;    3.100;-999;  -999;  13.7;  999.60;   16.7;   72.00;   18.3;   12.6;-999;eor
       2961;20230920;   10;  22.5;  12.4;    3;  -999;-999;    3.900;-999;  -999;  16.0; 1001.40;   18.7;   75.00;   20.8;   16.7;-999;eor
       2961;20230921;   10;  17.5;  10.4;    3;  -999;-999;    7.800;-999;  -999;  15.7;  995.90;   20.6;   66.00;   25.5;   17.4;-999;eor
       2961;20230922;   10;  15.4;   8.7;    3;  -999;-999;    5.500;-999;  -999;  14.5;  996.90;   16.4;   78.00;   18.0;   14.5;-999;eor
       2961;20230923;   10;  15.9;   8.5;    3;  -999;-999;    5.700;-999;  -999;  13.5; 1007.40;   14.4;   83.00;   17.2;   12.6;-999;eor
       2961;20230924;   10;  11.6;   7.5;    3;  -999;-999;    9.700;-999;  -999;  12.6; 1021.20;   14.9;   75.00;   17.3;   12.5;-999;eor
       2961;20230925;   10;  13.5;   8.2;    3;  -999;-999;    7.600;-999;  -999;  12.5; 1020.90;   16.1;   68.00;   19.0;   13.4;-999;eor
       2961;20230926;   10;   8.0;   4.6;    3;  -999;-999;    7.400;-999;  -999;  14.2; 1019.10;   16.4;   76.00;   20.2;   13.7;-999;eor
       2961;20230927;   10;   9.9;   5.1;    3;  -999;-999;    8.000;-999;  -999;  15.5; 1016.20;   18.2;   75.00;   21.5;   15.3;-999;eor
       2961;20230928;   10;  14.3;   6.9;    3;  -999;-999;    6.400;-999;  -999;  16.0; 1012.40;   18.3;   76.00;   20.7;   16.4;-999;eor
       2961;20230929;   10;  18.4;   8.0;    3;  -999;-999;    1.800;-999;  -999;  16.3; 1011.60;   17.4;   82.00;   20.5;   13.7;-999;eor
       2961;20230930;   10;  17.0;   9.4;    3;  -999;-999;    7.500;-999;  -999;  13.1; 1018.80;   15.1;   77.00;   17.3;   12.8;-999;eor
       2961;20231001;   10;  11.3;   7.6;    3;  -999;-999;    0.000;-999;  -999;  15.4; 1017.60;   15.3;   88.00;   16.7;   13.5;-999;eor
       2961;20231002;   10;  12.2;   6.4;    3;  -999;-999;    4.100;-999;  -999;  18.3; 1014.10;   17.7;   90.00;   20.6;   16.2;-999;eor
       2961;20231003;   10;  29.2;  12.2;    3;  -999;-999;    1.000;-999;  -999;  15.4; 1005.20;   16.3;   82.00;   20.0;   11.3;-999;eor
       2961;20231004;   10;  24.7;  12.4;    3;  -999;-999;    6.500;-999;  -999;  13.2; 1014.80;   14.3;   81.00;   16.5;   12.8;-999;eor
       2961;20231005;   10;  21.1;  10.3;    3;  -999;-999;    9.500;-999;  -999;  12.5; 1015.10;   14.5;   76.00;   16.8;   11.6;-999;eor
       2961;20231006;   10;  23.1;  15.0;    3;  -999;-999;    0.000;-999;  -999;  16.1; 1011.50;   15.3;   92.00;   17.7;   13.5;-999;eor
       2961;20231007;   10;  23.2;  10.5;    3;  -999;-999;    0.000;-999;  -999;  12.1; 1011.30;   13.6;   77.00;   17.2;   11.3;-999;eor
       2961;20231008;   10;  10.9;   5.4;    3;  -999;-999;    3.800;-999;  -999;   9.1; 1021.00;   12.2;   64.00;   13.1;   10.2;-999;eor
       2961;20231009;   10;  11.0;   5.0;    3;  -999;-999;    0.000;-999;  -999;  11.7; 1014.10;   10.8;   90.00;   12.9;    9.1;-999;eor
       2961;20231010;   10;  13.7;   7.3;    3;  -999;-999;    0.100;-999;  -999;  15.1; 1011.80;   14.5;   91.00;   17.1;   11.2;-999;eor
       2961;20231011;   10;  22.8;  13.0;    3;  -999;-999;    0.100;-999;  -999;  15.3; 1002.70;   15.8;   85.00;   17.8;   12.3;-999;eor
       2961;20231012;   10;  18.4;   8.1;    3;  -999;-999;    6.700;-999;  -999;  10.4; 1007.90;   12.9;   70.00;   15.0;   11.4;-999;eor
       2961;20231013;   10;  27.6;  13.2;    3;  -999;-999;    0.200;-999;  -999;  15.8;  997.50;   15.9;   87.00;   20.3;   11.1;-999;eor
       2961;20231014;   10;  23.7;  13.8;    3;  -999;-999;    7.400;-999;  -999;   9.7;  999.00;   12.0;   69.00;   13.9;    7.8;-999;eor
       2961;20231015;   10;  19.7;  12.6;    3;  -999;-999;    6.200;-999;  -999;   8.5; 1009.10;    9.0;   74.00;   10.4;    7.5;-999;eor
       2961;20231016;   10;  13.6;   8.4;    3;  -999;-999;    4.900;-999;  -999;   7.9; 1016.20;    9.5;   67.00;   11.0;    8.0;-999;eor
       2961;20231017;   10;   9.8;   6.7;    3;  -999;-999;    4.300;-999;  -999;   9.2; 1017.30;   10.3;   73.00;   12.2;    8.6;-999;eor
       2961;20231018;   10;  22.3;   7.6;    3;  -999;-999;    8.400;-999;  -999;   8.9; 1010.40;   10.2;   72.00;   11.7;    8.0;-999;eor
       2961;20231019;   10;  26.5;  20.1;    3;  -999;-999;    0.000;-999;  -999;   9.3;  997.00;   10.5;   73.00;   11.3;    8.5;-999;eor
       2961;20231020;   10;  36.5;  24.8;    3;  -999;-999;    0.000;-999;  -999;   9.9;  989.70;    8.5;   89.00;    9.9;    6.5;-999;eor
       2961;20231021;   10;-999;-999;    3;  -999;-999;    0.000;-999;  -999;  -999;    -999;    9.0;-999;   11.5;    6.3;-999;eor
       2961;20231022;   10;-999;-999;    3;  -999;-999;    1.100;-999;  -999;  -999;    -999;   11.7;-999;   13.8;    9.5;-999;eor
       2961;20231023;   10;-999;-999;    3;  -999;-999;    3.900;-999;  -999;  -999;    -999;   10.0;-999;   13.5;    6.2;-999;eor
       2961;20231024;   10;-999;-999;    3;  -999;-999;    0.000;-999;  -999;  -999;    -999;   10.8;-999;   11.6;    7.5;-999;eor
       2961;20231025;   10;  11.4;-999;    3;  -999;-999;    0.000;-999;  -999;  -999;    -999;    9.8;-999;   11.1;    8.2;-999;eor
       2961;20231026;   10;  16.9;  12.9;    3;  -999;-999;    0.000;-999;  -999;  11.4;  994.00;   10.0;   92.00;   11.5;    8.9;-999;eor
       2961;20231027;   10;  16.9;  12.9;    3;  -999;-999;    0.000;-999;  -999;  10.0;  992.80;    8.8;   88.00;    9.5;    8.1;-999;eor
       2961;20231028;   10;  13.2;   9.0;    3;  -999;-999;    0.000;-999;  -999;  10.4;  996.00;    9.1;   90.00;   10.3;    8.5;-999;eor
       2961;20231029;   10;  21.4;  10.4;    3;  -999;-999;    4.700;-999;  -999;  11.9;  990.50;   12.1;   85.00;   15.2;   10.0;-999;eor
       2961;20231030;   10;  19.2;  10.6;    3;  -999;-999;    7.000;-999;  -999;  11.3;  994.60;   12.1;   80.00;   14.3;   10.8;-999;eor
       2961;20231031;   10;  18.4;   9.3;    3;  -999;-999;    0.000;-999;  -999;   9.9;  994.00;    8.1;   89.00;   11.3;    4.8;-999;eor
       2961;20231101;   10;  14.6;   8.1;    3;  -999;-999;    0.000;-999;  -999;   9.7;  998.10;    8.4;   85.00;   12.5;    4.9;-999;eor
       2961;20231102;   10;  20.3;  12.3;    3;  -999;-999;    0.200;-999;  -999;  10.5;  982.80;   11.6;   77.00;   12.9;    9.9;-999;eor
       2961;20231103;   10;  17.4;  11.6;    3;  -999;-999;    1.200;-999;  -999;   9.8;  979.30;   10.2;   78.00;   11.2;    8.8;-999;eor
       2961;20231104;   10;  17.6;  11.7;    3;  -999;-999;    2.600;-999;  -999;   8.7;  979.20;    8.6;   78.00;   10.3;    6.6;-999;eor
       2961;20231105;   10;  14.4;   8.2;    3;  -999;-999;    0.500;-999;  -999;  10.8;  973.70;    9.5;   91.00;   10.7;    8.0;-999;eor
       2961;20231106;   10;  19.5;  12.8;    3;  -999;-999;    1.800;-999;  -999;  10.7;  990.70;   10.1;   86.00;   11.1;    9.0;-999;eor
       2961;20231107;   10;  19.4;  12.0;    3;  -999;-999;    1.000;-999;  -999;  10.3; 1000.70;    9.6;   86.00;   10.6;    8.7;-999;eor
       2961;20231108;   10;  19.2;  12.6;    3;  -999;-999;    2.400;-999;  -999;   9.9; 1002.30;    9.4;   84.00;   10.8;    8.4;-999;eor
       2961;20231109;   10;  18.1;  10.1;    3;  -999;-999;    0.000;-999;  -999;  10.8;  995.30;    9.1;   94.00;   10.4;    7.8;-999;eor
       2961;20231110;   10;  15.6;   9.9;    3;  -999;-999;    0.000;-999;  -999;   9.3;  992.20;    8.1;   86.00;    9.0;    6.9;-999;eor
       2961;20231111;   10;   8.6;   4.7;    3;  -999;-999;    0.000;-999;  -999;   9.7;  996.70;    8.0;   90.00;    8.8;    7.2;-999;eor
       2961;20231112;   10;  13.8;   6.3;    3;  -999;-999;    0.300;-999;  -999;   9.3; 1001.40;    6.9;   93.00;    8.1;    4.9;-999;eor
       2961;20231113;   10;  19.5;   9.8;    3;  -999;-999;    2.600;-999;  -999;   9.0;  997.80;    7.1;   89.00;   10.2;    4.2;-999;eor
       2961;20231114;   10;  28.4;  13.6;    3;  -999;-999;    0.700;-999;  -999;  10.6;  989.30;    9.8;   87.00;   11.6;    7.4;-999;eor
       2961;20231115;   10;  14.5;-999;    3;  -999;-999;    0.000;-999;  -999;  -999;    -999;    7.1;-999;    9.2;    6.4;-999;eor
       2961;20231116;   10;  23.3;  15.2;    3;  -999;-999;    0.000;-999;  -999;   8.1; 1005.10;    6.3;   85.00;    9.1;    4.9;-999;eor
       2961;20231117;   10;  18.1;   9.5;    3;  -999;-999;    0.000;-999;  -999;   7.9; 1013.50;    5.9;   85.00;    7.2;    5.0;-999;eor
       2961;20231118;   10;  17.2;   7.0;    3;  -999;-999;    4.000;-999;  -999;   7.5; 1017.80;    5.2;   84.00;    6.5;    3.0;-999;eor
       2961;20231119;   10;  18.2;  10.5;    3;  -999;-999;    0.000;-999;  -999;  10.7;  999.60;    8.6;   95.00;   11.6;    4.9;-999;eor
       2961;20231120;   10;  12.3;   5.7;    3;  -999;-999;    0.000;-999;  -999;  11.0; 1002.70;    9.0;   96.00;   10.2;    6.9;-999;eor
       2961;20231121;   10;  14.1;  10.7;    3;  -999;-999;    0.100;-999;  -999;   7.3; 1016.50;    6.4;   76.00;    7.8;    5.3;-999;eor
       2961;20231122;   10;  27.3;  12.3;    3;  -999;-999;    0.100;-999;  -999;   6.1; 1021.40;    4.6;   72.00;    7.0;    3.4;-999;eor
       2961;20231123;   10;  28.1;  17.7;    3;  -999;-999;    0.000;-999;  -999;  10.2; 1001.20;    9.7;   84.00;   12.3;    5.9;-999;eor
       2961;20231124;   10;  25.3;  14.9;    3;  -999;-999;    1.500;-999;  -999;   6.3;  995.40;    4.6;   74.00;    6.2;    3.0;-999;eor
       2961;20231125;   10;  17.9;  10.7;    3;  -999;-999;    2.000;-999;  -999;   5.9; 1002.60;    4.1;   71.00;    6.1;    1.7;-999;eor
       2961;20231126;   10;  11.9;   5.4;    3;  -999;-999;    2.500;-999;  -999;   5.0; 1008.20;    2.2;   70.00;    5.1;    1.1;-999;eor
       2961;20231127;   10;  20.6;  12.2;    3;  -999;-999;    0.000;-999;  -999;   5.4; 1002.20;    2.7;   73.00;    3.9;    0.6;-999;eor
       2961;20231128;   10;  19.2;  10.0;    3;  -999;-999;    3.000;-999;  -999;   4.3; 1001.20;   -1.3;   77.00;    2.0;   -3.8;-999;eor
       2961;20231129;   10;  18.9;   9.5;    3;  -999;-999;    0.000;-999;  -999;   5.1;  995.70;   -0.4;   86.00;    0.9;   -3.0;-999;eor
       2961;20231130;   10;  10.8;   5.9;    3;  -999;-999;    6.500;-999;  -999;   4.4; 1000.00;   -1.0;   77.00;    1.2;   -2.3;-999;eor
       2961;20231201;   10;  12.1;   6.3;    3;  -999;-999;    0.000;-999;  -999;   5.4; 1003.99;    0.8;   83.21;    1.7;   -0.8;-999;eor
       2961;20231202;   10;  11.1;   6.2;    3;  -999;-999;    0.967;-999;  -999;   4.9; 1008.61;    0.6;   77.08;    3.2;   -0.4;-999;eor
       2961;20231203;   10;  13.0;   7.0;    3;  -999;-999;    0.267;-999;  -999;   4.9; 1016.01;   -1.7;   91.67;    0.0;   -5.1;-999;eor
       2961;20231204;   10;  12.8;   8.3;    3;  -999;-999;    0.000;-999;  -999;   5.1; 1010.80;   -0.2;   85.38;    1.5;   -1.3;-999;eor
       2961;20231205;   10;  16.8;  12.7;    3;  -999;-999;    0.000;-999;  -999;   5.4; 1005.70;    0.5;   85.71;    1.9;   -0.4;-999;eor
       2961;20231206;   10;  13.1;   6.0;    3;  -999;-999;    0.000;-999;  -999;   6.1; 1009.06;    1.0;   92.88;    2.5;    0.1;-999;eor
       2961;20231207;   10;   9.1;   3.9;    3;  -999;-999;    0.000;-999;  -999;   6.5; 1015.02;    1.6;   95.38;    2.9;   -0.8;-999;eor
       2961;20231208;   10;  16.3;   9.2;    3;  -999;-999;    0.000;-999;  -999;   6.1; 1008.95;    1.0;   93.38;    2.3;   -0.9;-999;eor
       2961;20231209;   10;  16.2;   9.1;    3;  -999;-999;    0.000;-999;  -999;   7.6; 1001.56;    3.4;   97.75;    4.8;    1.0;-999;eor
       2961;20231210;   10;  17.2;   7.5;    3;  -999;-999;    0.133;-999;  -999;   8.9;  993.80;    5.7;   96.50;    7.1;    3.7;-999;eor
       2961;20231211;   10;   9.5;   5.3;    3;  -999;-999;    0.000;-999;  -999;   8.9;  993.52;    5.5;   98.54;    6.5;    4.7;-999;eor
       2961;20231212;   10;  15.7;   6.9;    3;  -999;-999;    0.000;-999;  -999;   7.7; 1002.48;    4.3;   92.96;    4.8;    3.7;-999;eor
       2961;20231213;   10;  21.8;  16.2;    3;  -999;-999;    0.000;-999;  -999;   7.3; 1000.10;    3.8;   91.21;    4.6;    2.6;-999;eor
       2961;20231214;   10;  14.9;   7.4;    3;  -999;-999;    0.000;-999;  -999;   6.5; 1014.63;    3.1;   84.50;    3.6;    2.7;-999;eor
       2961;20231215;   10;  12.7;   9.0;    3;  -999;-999;    1.233;-999;  -999;   8.7; 1024.92;    5.9;   93.38;    7.9;    2.8;-999;eor
       2961;20231216;   10;  22.2;  13.3;    3;  -999;-999;    0.000;-999;  -999;   9.7; 1027.35;    7.5;   93.33;    8.8;    6.6;-999;eor
       2961;20231217;   10;  25.9;  15.0;    3;  -999;-999;    0.000;-999;  -999;   9.9; 1023.88;    8.8;   87.63;    9.4;    8.0;-999;eor
       2961;20231218;   10;  22.4;  14.7;    3;  -999;-999;    0.000;-999;  -999;  10.2; 1018.71;    8.0;   95.29;    8.7;    7.5;-999;eor
       2961;20231219;   10;  20.6;  11.6;    3;  -999;-999;    0.000;-999;  -999;  10.0; 1008.56;    7.9;   93.17;    9.2;    5.3;-999;eor
       2961;20231220;   10;  22.4;  11.7;    3;  -999;-999;    2.350;-999;  -999;   7.6;  998.98;    5.7;   82.63;    6.7;    4.7;-999;eor
       2961;20231221;   10;  34.4;  16.4;    3;  -999;-999;    0.083;-999;  -999;   8.1;  979.85;    7.0;   80.88;    9.2;    4.9;-999;eor
       2961;20231222;   10;  33.3;  17.5;    3;  -999;-999;    4.233;-999;  -999;   5.7;  985.54;    3.7;   72.21;    5.7;    0.7;-999;eor
       2961;20231223;   10;  18.9;  11.1;    3;  -999;-999;    0.000;-999;  -999;   6.3;  995.32;    3.7;   79.38;    4.7;    2.2;-999;eor
       2961;20231224;   10;  31.3;  13.7;    3;  -999;-999;    0.000;-999;  -999;   9.8;  989.68;    7.8;   91.92;   11.6;    1.8;-999;eor
       2961;20231225;   10;  27.5;  14.6;    3;  -999;-999;    4.233;-999;  -999;   7.8;  994.19;    7.3;   76.21;   10.2;    5.6;-999;eor
       2961;20231226;   10;  23.3;  14.2;    3;  -999;-999;    1.250;-999;  -999;   8.3; 1000.09;    7.1;   81.83;    9.2;    4.8;-999;eor
       2961;20231227;   10;  19.1;   9.1;    3;  -999;-999;    0.000;-999;  -999;   7.5; 1012.11;    4.4;   89.67;    6.6;    3.3;-999;eor
       2961;20231228;   10;  28.7;  17.3;    3;  -999;-999;    0.000;-999;  -999;   9.4;  999.27;    9.0;   81.33;   10.7;    5.9;-999;eor
       2961;20231229;   10;  27.4;  17.3;    3;  -999;-999;    2.433;-999;  -999;   8.6;  995.34;    8.5;   76.96;    9.8;    6.4;-999;eor
       2961;20231230;   10;  19.1;  10.3;    3;  -999;-999;    3.117;-999;  -999;   7.9; 1002.45;    5.8;   85.88;    7.0;    4.6;-999;eor
       2961;20231231;   10;  16.1;   9.9;    3;  -999;-999;    0.033;-999;  -999;   8.5;  998.42;    6.6;   86.88;    7.7;    5.7;-999;eor
       2961;20240101;   10;  17.1;   9.8;    3;  -999;-999;    0.000;-999;  -999;   8.3;  996.55;    6.5;   85.17;    7.0;    5.6;-999;eor
       2961;20240102;   10;  23.5;  11.9;    3;  -999;-999;    0.000;-999;  -999;   8.0;  991.60;    4.7;   93.58;    6.0;    4.2;-999;eor
       2961;20240103;   10;  23.3;  14.2;    3;  -999;-999;    0.000;-999;  -999;   8.4;  978.60;    6.3;   88.25;    8.3;    3.5;-999;eor
       2961;20240104;   10;  25.7;  11.2;    3;  -999;-999;    0.000;-999;  -999;   5.1;  995.88;    0.2;   80.29;    3.7;   -1.4;-999;eor
       2961;20240105;   10;  21.4;  14.7;    3;  -999;-999;    0.000;-999;  -999;   4.7; 1002.57;    0.0;   77.00;    1.2;   -1.5;-999;eor
       2961;20240106;   10;  22.8;  16.6;    3;  -999;-999;    0.000;-999;  -999;   5.1; 1010.80;    1.0;   78.21;    1.9;   -0.2;-999;eor
       2961;20240107;   10;  18.2;  12.4;    3;  -999;-999;    4.400;-999;  -999;   4.0; 1024.54;   -1.6;   73.96;    0.4;   -3.5;-999;eor
       2961;20240108;   10;  18.3;  12.3;    3;  -999;-999;    2.383;-999;  -999;   4.5; 1033.54;   -0.5;   76.92;    0.2;   -1.3;-999;eor
       2961;20240109;   10;   9.6;   3.5;    3;  -999;-999;    3.533;-999;  -999;   4.9; 1035.24;   -0.7;   84.50;    1.1;   -1.5;-999;eor
       2961;20240110;   10;   8.0;   3.2;    3;  -999;-999;    0.000;-999;  -999;   5.6; 1031.25;   -0.2;   93.29;    1.1;   -2.2;-999;eor
       2961;20240111;   10;   9.5;   6.5;    3;  -999;-999;    2.967;-999;  -999;   6.4; 1028.47;    1.8;   91.29;    4.3;   -0.7;-999;eor
       2961;20240112;   10;  14.5;   6.8;    3;  -999;-999;    2.650;-999;  -999;   6.2; 1023.39;    2.1;   86.75;    4.0;   -1.1;-999;eor
       2961;20240113;   10;  21.9;  12.6;    3;  -999;-999;    0.767;-999;  -999;   7.1; 1008.30;    3.8;   87.96;    5.6;    2.7;-999;eor
       2961;20240114;   10;  18.2;  11.5;    3;  -999;-999;    1.900;-999;  -999;   6.3;  995.50;    2.9;   84.50;    4.1;    1.5;-999;eor
       2961;20240115;   10;  24.3;  10.3;    3;  -999;-999;    1.867;-999;  -999;   4.6;  989.61;    0.5;   72.25;    3.2;   -2.9;-999;eor
       2961;20240116;   10;  18.0;   7.2;    3;  -999;-999;    0.033;-999;  -999;   5.1;  998.76;   -1.2;   90.63;    0.9;   -3.4;-999;eor
       2961;20240117;   10;  22.4;  12.2;    3;  -999;-999;    0.000;-999;  -999;   4.8;  987.79;   -0.8;   83.00;    0.2;   -2.2;-999;eor
       2961;20240118;   10;  17.1;   8.1;    3;  -999;-999;    7.083;-999;  -999;   5.0;  993.49;   -0.2;   83.88;    1.9;   -2.6;-999;eor
       2961;20240119;   10;  23.4;  12.5;    3;  -999;-999;    3.433;-999;  -999;   5.9; 1006.15;    1.9;   84.54;    4.7;   -0.5;-999;eor
       2961;20240120;   10;  20.4;  13.8;    3;  -999;-999;    3.333;-999;  -999;   6.3; 1016.65;    2.9;   82.92;    4.7;    1.4;-999;eor
       2961;20240121;   10;  23.6;  14.3;    3;  -999;-999;    0.000;-999;  -999;   4.8; 1012.23;    3.2;   61.33;    5.6;    1.6;-999;eor
       2961;20240122;   10;  30.7;  18.6;    3;  -999;-999;    2.967;-999;  -999;   8.4;  996.50;    7.3;   81.71;    9.7;    5.1;-999;eor
       2961;20240123;   10;  25.8;  15.1;    3;  -999;-999;    3.767;-999;  -999;   7.8; 1007.80;    6.3;   81.50;    7.3;    5.1;-999;eor
       2961;20240124;   10;  32.1;  20.8;    3;  -999;-999;    0.000;-999;  -999;   8.8; 1000.73;    8.2;   80.92;   11.1;    5.9;-999;eor
       2961;20240125;   10;  24.5;  12.2;    3;  -999;-999;    4.100;-999;  -999;   7.8; 1017.55;    6.3;   82.04;    7.6;    4.2;-999;eor
       2961;20240126;   10;  26.7;  13.5;    3;  -999;-999;    0.000;-999;  -999;   8.3; 1013.26;    6.4;   86.38;    9.7;    4.9;-999;eor
       2961;20240127;   10;  16.1;  10.4;    3;  -999;-999;    2.550;-999;  -999;   7.9; 1026.72;    5.4;   87.42;    7.0;    3.9;-999;eor
       2961;20240128;   10;  13.1;   7.9;    3;  -999;-999;    7.850;-999;  -999;   6.2; 1026.88;    4.3;   75.79;    6.7;    1.9;-999;eor
       2961;20240129;   10;  12.6;   7.2;    3;  -999;-999;    5.400;-999;  -999;   6.6; 1022.19;    6.1;   69.42;    7.9;    4.3;-999;eor
       2961;20240130;   10;  18.7;   8.7;    3;  -999;-999;    0.000;-999;  -999;   8.8; 1021.05;    7.1;   87.21;    9.1;    4.9;-999;eor
       2961;20240131;   10;  28.0;  14.3;    3;  -999;-999;    3.717;-999;  -999;   6.8; 1021.33;    5.2;   76.75;    6.3;    4.5;-999;eor
       2961;20240201;    3;  24.8;  13.8;    3;  -999;-999;    4.717;-999;  -999;   7.2; 1017.04;    5.8;   78.58;    7.4;    4.3;-999;eor
       2961;20240202;    3;  20.3;  14.1;    3;  -999;-999;    0.000;-999;  -999;   8.8; 1014.65;    6.2;   92.42;    8.1;    4.6;-999;eor
       2961;20240203;    3;  20.1;  14.3;    3;  -999;-999;    4.367;-999;  -999;   8.9; 1011.09;    7.4;   85.88;    9.0;    5.8;-999;eor
       2961;20240204;    3;  21.8;  15.0;    3;  -999;-999;    0.000;-999;  -999;   8.3; 1006.85;    6.4;   85.96;    7.1;    5.8;-999;eor
       2961;20240205;    3;  26.7;  15.1;    3;  -999;-999;    0.000;-999;  -999;   9.4; 1002.16;    7.1;   92.96;    8.5;    6.0;-999;eor
       2961;20240206;    3;  28.3;  17.8;    3;  -999;-999;    0.000;-999;  -999;   9.3;  993.77;    7.8;   87.46;    9.4;    5.6;-999;eor
       2961;20240207;    3;  21.6;  11.6;    3;  -999;-999;    7.517;-999;  -999;   5.6;  996.73;    3.9;   69.96;    6.1;    1.9;-999;eor
       2961;20240208;    3;  12.4;   6.4;    3;  -999;-999;    2.683;-999;  -999;   6.1;  997.05;    2.2;   85.04;    3.4;    0.6;-999;eor
       2961;20240209;    3;  26.5;  16.2;    3;  -999;-999;    0.000;-999;  -999;   6.4;  988.00;    1.8;   92.08;    2.9;    0.5;-999;eor
       2961;20240210;    3;  19.5;  14.3;    3;  -999;-999;    0.000;-999;  -999;   7.6;  988.81;    3.0;   99.83;    3.3;    2.4;-999;eor
       2961;20240211;    3;  24.2;  14.8;    3;  -999;-999;    0.000;-999;  -999;   7.7;  990.45;    3.2;   99.75;    3.6;    2.9;-999;eor
       2961;20240212;    3;  11.2;   6.4;    3;  -999;-999;    0.117;-999;  -999;   8.2;  996.98;    5.0;   94.04;    7.4;    3.4;-999;eor
       2961;20240213;    3;  15.6;   9.6;    3;  -999;-999;    0.383;-999;  -999;   8.1; 1009.30;    5.3;   90.33;    6.3;    4.1;-999;eor
       2961;20240214;    3;   9.7;   6.1;    3;  -999;-999;    0.000;-999;  -999;   9.6; 1009.98;    6.8;   96.13;   10.1;    4.5;-999;eor
       2961;20240215;    3;  10.7;   7.4;    3;  -999;-999;    0.000;-999;  -999;  12.9; 1010.12;   10.9;   98.79;   11.9;    9.7;-999;eor
       2961;20240216;    3;  18.0;  10.0;    3;  -999;-999;    0.633;-999;  -999;  11.0; 1007.25;   10.2;   88.54;   13.2;    6.0;-999;eor
       2961;20240217;    3;  17.9;   8.3;    3;  -999;-999;    0.783;-999;  -999;   7.5; 1023.48;    5.7;   81.88;    6.7;    4.1;-999;eor
       2961;20240218;    3;  15.5;   8.9;    3;  -999;-999;    0.000;-999;  -999;   8.8; 1020.03;    6.2;   90.83;    8.3;    3.2;-999;eor
       2961;20240219;    3;  15.8;  10.3;    3;  -999;-999;    2.900;-999;  -999;   9.2; 1014.89;    6.6;   93.96;    8.5;    4.7;-999;eor
       2961;20240220;    3;  18.1;  10.3;    3;  -999;-999;    2.683;-999;  -999;   8.9; 1016.81;    7.1;   88.25;    8.5;    5.6;-999;eor
       2961;20240221;    3;  20.7;  11.4;    3;  -999;-999;    4.617;-999;  -999;   9.1; 1006.38;    8.0;   84.58;    9.3;    6.6;-999;eor
       2961;20240222;    3;  24.2;   9.7;    3;  -999;-999;    0.450;-999;  -999;  10.4;  984.74;    8.4;   93.88;   11.1;    6.7;-999;eor
       2961;20240223;    3;  36.2;  16.0;    3;  -999;-999;    4.083;-999;  -999;   6.9;  984.70;    6.5;   71.58;   11.1;    1.9;-999;eor
       2961;20240224;    3;  20.4;   7.4;    3;  -999;-999;    5.033;-999;  -999;   7.1;  995.90;    5.3;   79.50;    8.0;    3.2;-999;eor
       2961;20240225;    3;  13.4;   7.3;    3;  -999;-999;    0.250;-999;  -999;   7.2;  999.52;    4.7;   83.67;    6.9;    3.2;-999;eor
       2961;20240226;    3;  11.1;   4.2;    3;  -999;-999;    1.400;-999;  -999;   7.4; 1006.71;    3.2;   96.38;    4.6;    0.6;-999;eor
       2961;20240227;    3;  10.0;   4.3;    3;  -999;-999;    0.000;-999;  -999;   6.7; 1015.58;    3.1;   87.71;    4.9;    2.4;-999;eor
       2961;20240228;    3;  14.2;   7.1;    3;  -999;-999;    0.200;-999;  -999;   7.0; 1016.21;    4.2;   83.88;    5.9;    2.3;-999;eor
       2961;20240229;    3;  15.5;  10.5;    3;  -999;-999;    4.883;-999;  -999;   7.1; 1007.86;    7.2;   70.46;   11.3;    3.9;-999;eor
       2961;20240301;    3;  10.3;   7.4;    3;  -999;-999;    5.317;-999;  -999;   8.1; 1001.57;    7.2;   80.08;   10.2;    3.7;-999;eor
       2961;20240302;    3;  11.8;   6.7;    3;  -999;-999;    3.700;-999;  -999;   9.0; 1002.18;    7.5;   86.79;   10.8;    5.5;-999;eor
       2961;20240303;    3;  17.3;   9.6;    3;  -999;-999;    0.000;-999;  -999;   8.9; 1003.55;    5.5;   98.92;    6.7;    4.8;-999;eor
       2961;20240304;    3;  21.4;  10.5;    3;  -999;-999;    4.617;-999;  -999;   7.9; 1009.41;    4.9;   91.58;    5.8;    3.9;-999;eor
       2961;20240305;    3;  18.9;  13.8;    3;  -999;-999;    1.933;-999;  -999;   6.6; 1015.94;    3.6;   83.33;    4.2;    2.9;-999;eor
       2961;20240306;    3;  13.5;   5.9;    3;  -999;-999;    0.700;-999;  -999;   6.7; 1023.05;    3.6;   85.00;    4.3;    2.8;-999;eor
       2961;20240307;    3;  14.3;  10.0;    3;  -999;-999;    2.750;-999;  -999;   6.5; 1025.19;    3.2;   84.50;    4.2;    2.1;-999;eor
       2961;20240308;    3;  16.1;  10.1;    3;  -999;-999;    1.383;-999;  -999;   6.6; 1017.93;    2.4;   90.75;    4.0;    0.8;-999;eor
       2961;20240309;    3;  21.7;  15.1;    3;  -999;-999;    9.033;-999;  -999;   6.8; 1007.31;    3.7;   85.38;    4.7;    3.4;-999;eor
       2961;20240310;    3;  23.5;  16.9;    3;  -999;-999;    6.133;-999;  -999;   7.4; 1002.79;    4.2;   89.21;    4.8;    3.6;-999;eor
       2961;20240311;    3;  21.8;  14.6;    3;  -999;-999;    0.000;-999;  -999;   7.6; 1002.76;    4.3;   91.25;    4.7;    3.8;-999;eor
       2961;20240312;    3;  11.2;   5.1;    3;  -999;-999;    0.000;-999;  -999;   8.4; 1009.78;    4.5;   99.29;    6.9;    3.8;-999;eor
       2961;20240313;    3;  12.6;   7.4;    3;  -999;-999;    5.917;-999;  -999;   9.8; 1010.47;    7.9;   91.46;   11.0;    4.1;-999;eor
       2961;20240314;    3;  16.7;   9.5;    3;  -999;-999;    2.500;-999;  -999;  10.7; 1006.75;   11.7;   78.83;   14.9;    8.9;-999;eor
       2961;20240315;    3;  13.8;   9.4;    3;  -999;-999;    0.700;-999;  -999;  11.3; 1001.90;   11.6;   82.17;   13.4;    9.1;-999;eor
       2961;20240316;    3;  20.2;  13.1;    3;  -999;-999;    7.000;-999;  -999;   7.8; 1008.83;    7.5;   73.00;   11.3;    4.8;-999;eor
       2961;20240317;    3;  12.9;   6.1;    3;  -999;-999;   10.100;-999;  -999;   5.8; 1020.60;    3.7;   73.00;    4.9;    3.0;-999;eor
       2961;20240318;    3;  15.0;  10.2;    3;  -999;-999;    2.800;-999;  -999;   5.6; 1017.10;    3.7;   70.42;    5.1;    2.1;-999;eor
       2961;20240319;    3;  11.3;   7.7;    3;  -999;-999;    0.817;-999;  -999;   6.6; 1016.43;    6.1;   69.83;    9.6;    2.5;-999;eor
       2961;20240320;    3;   9.0;   4.4;    3;  -999;-999;    3.350;-999;  -999;  10.1; 1015.53;    9.2;   86.96;   12.2;    7.5;-999;eor
       2961;20240321;    3;  12.5;   7.7;    3;  -999;-999;    2.683;-999;  -999;   9.7; 1015.45;    8.2;   89.00;   12.3;    5.8;-999;eor
       2961;20240322;    3;  14.6;  10.3;    3;  -999;-999;    2.500;-999;  -999;   9.4; 1007.90;    7.9;   88.08;    9.0;    5.9;-999;eor
       2961;20240323;    3;  21.7;  10.2;    3;  -999;-999;    5.850;-999;  -999;   7.4;  999.45;    5.8;   80.29;    7.7;    4.5;-999;eor
       2961;20240324;    3;  16.9;   9.6;    3;  -999;-999;    3.183;-999;  -999;   7.8;  992.47;    5.6;   85.92;    7.2;    4.0;-999;eor
       2961;20240325;    3;  12.6;   6.7;    3;  -999;-999;    7.117;-999;  -999;   7.0;  999.92;    5.9;   75.29;    8.3;    4.5;-999;eor
       2961;20240326;    3;  14.0;   7.5;    3;  -999;-999;    9.767;-999;  -999;   7.2;  994.70;    6.7;   72.96;   10.0;    4.2;-999;eor
       2961;20240327;    3;  11.5;   7.4;    3;  -999;-999;    6.250;-999;  -999;   8.3;  985.11;    7.9;   78.25;   11.2;    6.0;-999;eor
       2961;20240328;    3;  21.5;   8.0;    3;  -999;-999;    1.317;-999;  -999;   9.0;  982.22;    7.0;   89.54;   10.9;    6.0;-999;eor
       2961;20240329;    3;  14.9;   7.4;    3;  -999;-999;    1.633;-999;  -999;   8.6;  992.20;    8.5;   76.79;   11.0;    6.4;-999;eor
       2961;20240330;    3;  14.0;   7.5;    3;  -999;-999;    3.133;-999;  -999;  10.6;  995.88;    9.7;   87.71;   15.9;    7.3;-999;eor
       2961;20240331;    3;   9.2;   4.3;    3;  -999;-999;    0.000;-999;  -999;   9.7;  996.92;    7.3;   94.75;   10.1;    6.4;-999;eor
       2961;20240401;    3;  16.4;   6.0;    3;  -999;-999;    0.000;-999;  -999;   9.5;  991.98;    6.3;   99.63;    8.2;    4.8;-999;eor
       2961;20240402;    3;  20.5;  12.5;    3;  -999;-999;    0.000;-999;  -999;   9.1;  996.13;    7.4;   88.00;    9.3;    3.8;-999;eor
       2961;20240403;    3;  13.4;   8.0;    3;  -999;-999;    4.367;-999;  -999;   6.9; 1002.90;    4.3;   82.63;    7.0;    2.9;-999;eor
       2961;20240404;    3;  16.4;   8.9;    3;  -999;-999;    2.550;-999;  -999;  10.7;  999.79;    9.4;   90.33;   11.1;    6.8;-999;eor
       2961;20240405;    3;  32.9;  11.8;    3;  -999;-999;    0.983;-999;  -999;  11.4; 1003.16;   11.4;   83.83;   14.6;    8.2;-999;eor
       2961;20240406;    3;  12.8;   9.0;    3;  -999;-999;    4.900;-999;  -999;  12.6; 1007.35;   15.3;   72.08;   19.2;   10.4;-999;eor
       2961;20240407;    3;  19.3;   8.5;    3;  -999;-999;    7.200;-999;  -999;  11.7; 1008.32;   15.4;   67.54;   18.4;   11.5;-999;eor
       2961;20240408;    3;  13.2;   6.8;    3;  -999;-999;    5.067;-999;  -999;  12.5; 1007.28;   12.5;   86.50;   16.0;    9.0;-999;eor
       2961;20240409;    3;  21.4;   8.3;    3;  -999;-999;    0.333;-999;  -999;  11.2; 1004.70;   10.6;   87.67;   15.5;    8.5;-999;eor
       2961;20240410;    3;  21.2;  11.6;    3;  -999;-999;    6.850;-999;  -999;   8.6; 1019.10;    9.2;   73.88;   11.1;    7.6;-999;eor
       2961;20240411;    3;  19.0;  11.6;    3;  -999;-999;    0.017;-999;  -999;  11.3; 1023.56;   10.8;   86.92;   12.6;    7.6;-999;eor
       2961;20240412;    3;  19.1;   9.9;    3;  -999;-999;    2.067;-999;  -999;  12.6; 1022.69;   11.9;   90.25;   13.9;    9.5;-999;eor
       2961;20240413;    3;  19.5;   9.8;    3;  -999;-999;    7.983;-999;  -999;  11.9; 1015.81;   13.2;   78.67;   17.1;    8.8;-999;eor
       2961;20240414;    3;  21.4;  12.5;    3;  -999;-999;    9.883;-999;  -999;   8.4; 1012.38;    9.1;   72.75;   12.1;    6.5;-999;eor
       2961;20240415;    3;  21.6;   7.4;    3;  -999;-999;    6.100;-999;  -999;   8.2; 1000.14;    7.6;   78.71;   10.9;    5.5;-999;eor
       2961;20240416;    3;  14.3;   6.7;    3;  -999;-999;    3.217;-999;  -999;   8.1;  996.69;    7.1;   80.75;   11.1;    4.8;-999;eor
       2961;20240417;    3;  10.3;   4.3;    3;  -999;-999;   10.400;-999;  -999;   7.7; 1006.06;    7.6;   73.92;   13.5;    5.6;-999;eor
       2961;20240418;    3;  14.7;   6.8;    3;  -999;-999;    8.267;-999;  -999;   7.8; 1010.97;    7.0;   77.79;    9.8;    5.1;-999;eor
       2961;20240419;    3;  21.0;  11.6;    3;  -999;-999;    1.050;-999;  -999;   8.1;  999.70;    6.2;   85.00;    8.6;    4.4;-999;eor
       2961;20240420;    3;  12.8;   4.3;    3;  -999;-999;    8.867;-999;  -999;   6.7; 1013.52;    5.8;   72.88;   11.1;    4.0;-999;eor
       2961;20240421;    3;  16.6;   4.9;    3;  -999;-999;    7.600;-999;  -999;   6.4; 1022.34;    6.1;   67.67;    8.9;    3.5;-999;eor
       2961;20240422;    3;  15.0;   6.9;    3;  -999;-999;   11.133;-999;  -999;   5.5; 1021.59;    4.8;   63.75;    5.9;    3.5;-999;eor
       2961;20240423;    3;  18.1;   9.1;    3;  -999;-999;    4.800;-999;  -999;   6.1; 1012.77;    5.0;   69.71;    7.3;    2.3;-999;eor
       2961;20240424;    3;  10.7;   7.1;    3;  -999;-999;    5.400;-999;  -999;   7.1; 1002.30;    5.5;   79.13;    6.9;    3.8;-999;eor
       2961;20240425;    3;  10.4;   3.8;    3;  -999;-999;    3.450;-999;  -999;   7.4; 1000.38;    6.0;   78.50;    7.9;    4.7;-999;eor
       2961;20240426;    3;  19.0;   6.0;    3;  -999;-999;    4.300;-999;  -999;   7.9; 1001.06;    6.3;   82.33;    8.8;    4.5;-999;eor
       2961;20240427;    3;  14.5;   6.4;    3;  -999;-999;    8.000;-999;  -999;   9.7; 1006.36;    8.9;   84.58;   13.3;    5.5;-999;eor
       2961;20240428;    3;  16.0;   8.5;    3;  -999;-999;    8.233;-999;  -999;  10.5; 1007.15;   14.7;   64.13;   19.7;    9.6;-999;eor
       2961;20240429;    3;  12.5;   7.3;    3;  -999;-999;    9.517;-999;  -999;   9.8; 1018.11;   11.6;   71.54;   15.3;    8.8;-999;eor
       2961;20240430;    3;  18.5;  12.4;    3;  -999;-999;    8.783;-999;  -999;  10.5; 1016.34;   10.7;   82.00;   12.4;    9.3;-999;eor
       2961;20240501;    3;  21.4;  10.4;    3;  -999;-999;   13.467;-999;  -999;  11.1; 1009.28;   10.7;   85.83;   12.9;    9.2;-999;eor
       2961;20240502;    3;  15.7;  11.4;    3;  -999;-999;   14.317;-999;  -999;  11.0; 1003.40;   11.2;   82.88;   13.0;    9.8;-999;eor
       2961;20240503;    3;  14.5;  10.0;    3;  -999;-999;   11.333;-999;  -999;  11.8; 1005.98;   11.5;   86.33;   14.8;    9.7;-999;eor
       2961;20240504;    1;   9.3;   5.4;    1;  -999;-999;    6.517;-999;  -999;  11.5; 1011.76;   12.8;   78.00;   17.3;   11.4;-999;eor
       2961;20240505;    1;  18.7;   9.4;    1;  -999;-999;    2.300;-999;  -999;  11.8; 1002.48;   11.5;   87.33;   14.1;    9.8;-999;eor
       2961;20240506;    1;  15.9;   6.0;    1;  -999;-999;    3.583;-999;  -999;  11.0; 1005.89;   12.3;   77.63;   16.4;    9.7;-999;eor
       2961;20240507;    1;  14.9;   8.4;    1;  -999;-999;    8.500;-999;  -999;   9.8; 1017.40;   10.0;   80.17;   11.4;    8.7;-999;eor
       2961;20240508;    1;   5.8;   3.1;    1;  -999;-999;   14.583;-999;  -999;   9.1; 1024.08;   11.3;   68.71;   14.6;    8.9;-999;eor
       2961;20240509;    1;   8.1;   3.6;    1;  -999;-999;    9.683;-999;  -999;  11.6; 1023.15;   13.3;   76.08;   17.8;   10.2;-999;eor
       2961;20240510;    1;   9.6;   5.6;    1;  -999;-999;    0.267;-999;  -999;  12.4; 1020.71;   12.2;   86.83;   14.1;    9.8;-999;eor
       2961;20240511;    1;  10.3;   3.4;    1;  -999;-999;   12.000;-999;  -999;  12.2; 1021.78;   12.4;   84.92;   18.3;    8.9;-999;eor
       2961;20240512;    1;  15.9;   9.7;    1;  -999;-999;   13.433;-999;  -999;  11.3; 1019.83;   11.8;   82.13;   13.4;    9.3;-999;eor
       2961;20240513;    1;  16.6;  11.7;    1;  -999;-999;   15.300;-999;  -999;  11.2; 1013.27;   13.4;   73.08;   16.3;   11.5;-999;eor
       2961;20240514;    1;  17.3;  11.9;    1;  -999;-999;   15.367;-999;  -999;  11.8; 1010.06;   13.9;   74.42;   15.2;   12.6;-999;eor
       2961;20240515;    1;  18.6;  13.1;    1;  -999;-999;   15.283;-999;  -999;  12.3; 1009.17;   14.5;   74.54;   16.3;   12.8;-999;eor
       2961;20240516;    1;  22.1;  14.5;    1;  -999;-999;   14.533;-999;  -999;  11.9; 1007.85;   14.1;   73.96;   15.2;   13.2;-999;eor
       2961;20240517;    1;  21.0;  13.1;    1;  -999;-999;   15.233;-999;  -999;  11.7; 1008.77;   14.2;   72.33;   15.4;   12.8;-999;eor
       2961;20240518;    1;  11.9;   7.6;    1;  -999;-999;   15.167;-999;  -999;  12.3; 1009.25;   14.5;   74.58;   17.8;   12.4;-999;eor
       2961;20240519;    1;   9.5;   4.4;    1;  -999;-999;    9.333;-999;  -999;  13.3; 1007.84;   14.5;   80.50;   17.2;   12.7;-999;eor
       2961;20240520;    1;  15.7;   7.3;    1;  -999;-999;   14.917;-999;  -999;  14.2; 1009.84;   15.0;   83.58;   16.4;   13.2;-999;eor
       2961;20240521;    1;  18.0;  12.1;    1;  -999;-999;    9.667;-999;  -999;  13.8; 1010.31;   13.3;   90.00;   15.0;   11.9;-999;eor
       2961;20240522;    1;  19.0;  11.2;    1;  -999;-999;    0.050;-999;  -999;  14.2; 1005.56;   13.8;   90.38;   15.6;   12.9;-999;eor
       2961;20240523;    1;  10.9;   6.0;    1;  -999;-999;    4.917;-999;  -999;  14.7; 1010.01;   15.0;   86.46;   17.6;   13.3;-999;eor
       2961;20240524;    1;   9.1;   4.6;    1;  -999;-999;   14.233;-999;  -999;  14.3; 1017.27;   15.1;   83.46;   16.9;   13.4;-999;eor
       2961;20240525;    1;   9.1;   4.8;    1;  -999;-999;    4.950;-999;  -999;  15.4; 1015.40;   14.7;   91.71;   17.0;   13.4;-999;eor
       2961;20240526;    1;  13.7;   5.5;    1;  -999;-999;    5.200;-999;  -999;  16.1; 1014.20;   15.8;   90.00;   19.4;   13.6;-999;eor
       2961;20240527;    1;  11.2;   4.3;    1;  -999;-999;    8.517;-999;  -999;  14.6; 1012.78;   16.9;   76.04;   22.2;   15.3;-999;eor
       2961;20240528;    1;  16.9;   7.8;    1;  -999;-999;    3.867;-999;  -999;  13.2; 1011.59;   13.9;   82.54;   16.5;   11.9;-999;eor
       2961;20240529;    1;  14.3;   7.9;    1;  -999;-999;    1.733;-999;  -999;  14.0; 1005.62;   14.6;   83.92;   16.3;   12.9;-999;eor
       2961;20240530;    1;   8.3;   4.9;    1;  -999;-999;   11.567;-999;  -999;  14.3; 1003.47;   14.3;   87.79;   16.4;   12.1;-999;eor
       2961;20240531;    1;  13.6;   7.6;    1;  -999;-999;    5.467;-999;  -999;  17.1; 1006.03;   16.4;   91.92;   18.2;   14.7;-999;eor
       2961;20240601;    1;  11.4;   5.5;    1;  -999;-999;   12.050;-999;  -999;  17.5; 1011.27;   18.5;   82.46;   22.2;   15.6;-999;eor
       2961;20240602;    1;  13.8;   9.1;    1;  -999;-999;    8.000;-999;  -999;  15.4; 1013.34;   16.1;   83.71;   18.1;   12.9;-999;eor
       2961;20240603;    1;  14.9;   9.4;    1;  -999;-999;    2.017;-999;  -999;  12.8; 1012.78;   14.3;   77.63;   16.5;   12.3;-999;eor
       2961;20240604;    1;  12.4;   5.3;    1;  -999;-999;    0.933;-999;  -999;  14.3; 1008.64;   15.1;   83.17;   17.2;   13.7;-999;eor
       2961;20240605;    1;  17.1;  10.7;    1;  -999;-999;   11.100;-999;  -999;  10.4; 1005.39;   14.2;   64.17;   15.8;   10.9;-999;eor
       2961;20240606;    1;  21.0;   9.4;    1;  -999;-999;    5.633;-999;  -999;   9.8; 1012.50;   12.0;   70.13;   14.3;   10.1;-999;eor
       2961;20240607;    1;  15.4;   8.6;    1;  -999;-999;    8.667;-999;  -999;  10.2; 1013.22;   13.1;   68.00;   15.8;   10.4;-999;eor
       2961;20240608;    1;  19.6;  10.8;    1;  -999;-999;    2.800;-999;  -999;  11.2; 1006.18;   13.6;   72.25;   18.1;   10.1;-999;eor
       2961;20240609;    1;  24.3;  11.7;    1;  -999;-999;    5.483;-999;  -999;  10.2; 1002.31;   11.3;   76.42;   13.6;    9.4;-999;eor
       2961;20240610;    1;  14.0;   7.8;    1;  -999;-999;    7.100;-999;  -999;  10.4; 1000.96;   12.5;   72.42;   15.5;    9.7;-999;eor
       2961;20240611;    1;  17.1;  10.8;    1;  -999;-999;    1.800;-999;  -999;  10.9; 1004.07;   12.2;   77.29;   14.0;   10.4;-999;eor
       2961;20240612;    1;  17.0;   9.9;    1;  -999;-999;   10.900;-999;  -999;  10.0; 1010.43;   11.9;   72.08;   13.9;    9.6;-999;eor
       2961;20240613;    1;  15.1;   8.0;    1;  -999;-999;    2.533;-999;  -999;  10.4; 1012.07;   11.3;   78.13;   13.0;    8.6;-999;eor
       2961;20240614;    1;  14.3;   9.0;    1;  -999;-999;    7.700;-999;  -999;  11.3; 1005.99;   16.5;   60.67;   19.7;   12.9;-999;eor
       2961;20240615;    1;  25.1;   9.5;    1;  -999;-999;    4.583;-999;  -999;  13.5;  999.75;   14.7;   80.38;   15.8;   11.8;-999;eor
       2961;20240616;    1;  19.0;   6.6;    1;  -999;-999;    3.850;-999;  -999;  12.6; 1004.17;   15.1;   73.54;   17.8;   12.2;-999;eor
       2961;20240617;    1;  11.4;   4.5;    1;  -999;-999;    7.550;-999;  -999;  14.4; 1007.89;   15.6;   81.63;   18.8;   13.0;-999;eor
       2961;20240618;    1;  10.5;   4.8;    1;  -999;-999;    9.717;-999;  -999;  14.0; 1011.15;   16.0;   77.13;   21.4;   12.7;-999;eor
       2961;20240619;    1;  12.9;   8.2;    1;  -999;-999;   11.333;-999;  -999;  11.9; 1013.77;   15.0;   70.33;   17.2;   12.2;-999;eor
       2961;20240620;    1;  12.6;   4.7;    1;  -999;-999;   14.567;-999;  -999;  11.1; 1018.08;   14.8;   66.33;   20.0;   10.6;-999;eor
       2961;20240621;    1;  14.9;   8.0;    1;  -999;-999;    0.183;-999;  -999;  15.7; 1009.54;   16.6;   82.67;   18.5;   15.7;-999;eor
       2961;20240622;    1;  16.4;  10.6;    1;  -999;-999;    9.567;-999;  -999;  14.7; 1005.34;   16.5;   78.42;   18.6;   14.4;-999;eor
       2961;20240623;    1;  11.5;   6.6;    1;  -999;-999;    7.667;-999;  -999;  14.6; 1014.12;   16.5;   78.33;   19.6;   13.4;-999;eor
       2961;20240624;    1;   8.8;   3.7;    1;  -999;-999;   12.567;-999;  -999;  15.4; 1017.73;   16.9;   79.96;   22.4;   14.4;-999;eor
       2961;20240625;    1;   9.1;   5.3;    1;  -999;-999;   16.650;-999;  -999;  17.3; 1016.09;   17.8;   84.79;   19.6;   16.0;-999;eor
       2961;20240626;    1;  11.9;   7.4;    1;  -999;-999;   16.167;-999;  -999;  18.8; 1011.27;   19.2;   84.58;   21.0;   17.4;-999;eor
       2961;20240627;    1;  17.4;   8.3;    1;  -999;-999;    9.750;-999;  -999;  20.6; 1005.65;   20.5;   85.88;   26.6;   18.4;-999;eor
       2961;20240628;    1;  18.0;   9.4;    1;  -999;-999;   10.050;-999;  -999;  16.3; 1008.49;   18.5;   75.83;   20.7;   15.1;-999;eor
       2961;20240629;    1;  16.1;   7.1;    1;  -999;-999;   15.600;-999;  -999;  14.6; 1012.47;   17.5;   73.38;   19.4;   14.4;-999;eor
       2961;20240630;    1;  14.9;   8.9;    1;  -999;-999;    0.017;-999;  -999;  16.9; 1003.28;   16.8;   87.75;   18.3;   15.0;-999;eor
       2961;20240701;    1;  15.7;   7.0;    1;  -999;-999;    5.567;-999;  -999;  13.4; 1007.54;   15.1;   78.67;   16.9;   12.9;-999;eor
       2961;20240702;    1;  15.7;   9.2;    1;  -999;-999;    0.617;-999;  -999;  13.2; 1005.56;   14.7;   79.04;   16.5;   12.9;-999;eor
       2961;20240703;    1;  16.2;   9.4;    1;  -999;-999;    2.167;-999;  -999;  12.0; 1003.11;   13.9;   75.38;   15.8;   12.2;-999;eor
       2961;20240704;    1;  23.6;  11.6;    1;  -999;-999;    7.100;-999;  -999;  12.0;  999.52;   13.8;   76.33;   16.3;   11.6;-999;eor
       2961;20240705;    1;  21.7;  12.0;    1;  -999;-999;    6.667;-999;  -999;  12.8; 1002.37;   14.5;   77.67;   17.8;   10.7;-999;eor
       2961;20240706;    1;  29.2;  11.8;    1;  -999;-999;    6.283;-999;  -999;  15.4;  997.02;   17.9;   75.58;   24.1;   12.5;-999;eor
       2961;20240707;    1;  19.9;   9.5;    1;  -999;-999;    9.633;-999;  -999;  12.6; 1007.06;   15.3;   73.25;   18.5;   12.5;-999;eor
       2961;20240708;    1;  18.0;   6.7;    1;  -999;-999;   11.850;-999;  -999;  13.2; 1014.19;   16.5;   70.92;   19.4;   13.1;-999;eor
       2961;20240709;    1;  15.5;   9.3;    1;  -999;-999;    6.333;-999;  -999;  17.3; 1014.75;   18.0;   83.25;   19.3;   16.5;-999;eor
       2961;20240710;    1;  21.9;   5.8;    1;  -999;-999;    7.450;-999;  -999;  18.8; 1010.59;   20.4;   78.67;   24.8;   17.8;-999;eor
       2961;20240711;    1;  10.0;   5.4;    1;  -999;-999;   11.333;-999;  -999;  15.9; 1012.60;   18.8;   73.46;   23.0;   16.3;-999;eor
       2961;20240712;    1;  19.7;   7.5;    1;  -999;-999;    7.467;-999;  -999;  16.9; 1008.98;   17.9;   82.42;   21.0;   15.4;-999;eor
       2961;20240713;    1;  15.1;   9.7;    1;  -999;-999;    1.167;-999;  -999;  15.3; 1005.19;   16.2;   83.25;   18.6;   14.1;-999;eor
       2961;20240714;    1;  22.6;   9.3;    1;  -999;-999;    8.633;-999;  -999;  14.0; 1007.94;   16.5;   75.46;   20.9;   13.9;-999;eor
       2961;20240715;    1;  15.7;   8.4;    1;  -999;-999;   10.400;-999;  -999;  15.1; 1008.79;   18.2;   72.42;   21.2;   15.6;-999;eor
