STATIONS_ID;MESS_DATUM;QN_3;  FX;  FM;QN_4; RSK;RSKF; SDK;SHK_TAG;  NM; VPM;  PM; TMK; UPM; TXK; TNK; TGK;eor
       2564;20230113;   10;  17.4;   7.8;    9;   3.6;   6;-999;   0;   6.3;   8.9;  994.10;    8.0;   83.00;   11.0;    7.3;    5.2;eor
       2564;20230114;   10;  16.5;   6.5;    9;   8.0;   6;-999;   0;   7.0;   9.1;  996.80;    7.5;   87.00;   10.2;    6.4;    4.7;eor
       2564;20230115;   10;  24.8;   8.4;    9;   2.9;   6;-999;   0;   6.5;   7.5;  987.00;    6.3;   78.00;    8.0;    4.8;    2.8;eor
       2564;20230116;   10;  12.5;   4.8;    9;   2.7;   6;-999;   0;   7.3;   7.2;  983.30;    5.3;   81.00;    6.3;    4.1;    2.5;eor
       2564;20230117;   10;  16.1;   5.3;    9;   1.5;   8;-999;   0;   5.5;   6.5;  977.30;    2.8;   87.00;    5.7;    0.7;   -1.1;eor
       2564;20230118;   10;  11.9;   4.3;    9;   0.1;   8;-999;   0;   4.0;   5.5;  989.10;    1.4;   81.00;    3.4;    0.1;   -1.7;eor
       2564;20230119;   10;  13.4;   5.4;    9;   1.9;   4;-999;   0;   7.5;   6.7;  995.30;    2.9;   89.00;    4.4;    1.4;   -0.5;eor
       2564;20230120;   10;  10.7;   3.7;    9;   0.2;   8;-999;   0;   7.3;   6.5; 1011.70;    1.9;   93.00;    2.6;    0.6;   -1.6;eor
       2564;20230121;   10;  12.4;   4.1;    9;   0.0;   0;-999;   0;   5.9;   6.4; 1028.20;    2.0;   91.00;    4.2;   -0.7;   -2.2;eor
       2564;20230122;   10;  12.2;   6.7;    9;   0.1;   6;-999;   0;   7.7;   6.1; 1031.10;    2.8;   81.00;    4.2;    1.0;    0.2;eor
       2564;20230123;   10;   8.8;   2.6;    9;   0.0;   6;-999;   0;   7.6;   6.7; 1035.40;    3.1;   87.00;    3.9;    2.3;    1.1;eor
       2564;20230124;   10;   5.7;   1.6;    9;   0.0;   0;-999;   0;   8.0;   5.6; 1036.60;    2.0;   79.00;    3.2;    0.3;   -0.2;eor
       2564;20230125;   10;   8.9;   4.0;    9;   0.3;   6;-999;   0;   7.9;   5.3; 1027.30;   -0.8;   93.00;    0.4;   -1.5;   -1.7;eor
       2564;20230126;   10;  12.0;   3.8;    9;   0.0;   6;-999;   0;   7.6;   6.8; 1019.20;    2.3;   94.00;    5.1;   -0.8;   -1.0;eor
       2564;20230127;   10;  10.8;   4.1;    9;   0.0;   6;-999;   0;   7.3;   5.9; 1025.00;    2.4;   81.00;    4.3;   -0.2;   -2.0;eor
       2564;20230128;   10;   7.8;   3.2;    9;   0.5;   6;-999;   0;   7.3;   5.8; 1023.90;    0.9;   87.00;    4.2;   -2.7;   -6.9;eor
       2564;20230129;   10;  19.2;   6.2;    9;   4.8;   6;-999;   0;   7.3;   8.1; 1014.50;    4.9;   94.00;    6.1;    4.2;    3.4;eor
       2564;20230130;   10;  18.9;   8.8;    9;   3.8;   6;-999;   0;   4.4;   7.3; 1001.90;    5.6;   80.00;    7.3;    3.2;    0.8;eor
       2564;20230131;   10;  20.6;   7.6;    9;   4.0;   6;-999;   0;   5.8;   7.7; 1006.60;    5.6;   84.00;    9.4;    2.9;    0.3;eor
       2564;20230201;   10;  20.6;   8.9;    9;   2.5;   6;-999;   0;   7.2;   7.6; 1001.70;    6.1;   81.00;    7.3;    4.1;    2.3;eor
       2564;20230202;   10;  11.9;   4.3;    9;   5.6;   6;-999;   0;   5.3;   7.3; 1012.40;    5.5;   81.00;    7.2;    4.1;   -0.3;eor
       2564;20230203;   10;  22.0;   9.3;    9;   1.4;   6;-999;   0;   7.4;   8.3; 1010.50;    6.8;   84.00;    8.5;    3.6;    1.6;eor
       2564;20230204;   10;   8.8;   2.8;    9;   0.0;   0;-999;   0;   7.2;   5.9; 1033.00;    2.3;   82.00;    4.2;    0.0;   -2.8;eor
       2564;20230205;   10;   9.0;   3.1;    9;   0.1;   8;-999;   0;   7.8;   5.6; 1033.40;    0.8;   86.00;    2.2;   -0.7;   -4.6;eor
       2564;20230206;   10;   4.5;   1.9;    9;   0.0;   0;-999;   0;   5.4;   6.3; 1037.20;    0.8;   96.00;    3.0;   -2.5;   -6.3;eor
       2564;20230207;   10;   6.4;   2.5;    9;   0.0;   0;-999;   0;   0.3;   5.3; 1037.30;    0.8;   82.00;    4.3;   -2.5;   -6.8;eor
       2564;20230208;   10;   9.2;   3.0;    9;   0.0;   0;-999;   0;   3.1;   4.5; 1034.20;    1.0;   69.00;    5.5;   -2.4;   -7.4;eor
       2564;20230209;   10;  10.5;   4.8;    9;   0.0;   6;-999;   0;   7.8;   5.3; 1025.00;    1.7;   75.00;    4.6;   -1.3;   -3.0;eor
       2564;20230210;   10;  16.0;   6.0;    9;   0.1;   6;-999;   0;   7.3;   7.9; 1025.60;    5.6;   87.00;    7.1;    3.8;    1.5;eor
       2564;20230211;   10;  13.9;   6.7;    9;   0.0;   6;-999;   0;   7.6;   9.8; 1023.60;    7.7;   93.00;    9.5;    5.7;    4.9;eor
       2564;20230212;   10;   9.2;   3.7;    9;   0.0;   6;-999;   0;   7.8;   9.6; 1032.40;    7.3;   94.00;    9.1;    6.2;    5.7;eor
       2564;20230213;   10;   6.8;   3.0;    9;   0.0;   0;-999;   0;   8.0;   7.3; 1033.30;    6.3;   76.00;    7.3;    5.2;    4.1;eor
       2564;20230214;   10;   5.6;   2.1;    9;   0.0;   0;-999;   0;   5.2;   6.6; 1031.00;    3.7;   83.00;    6.2;   -0.6;   -4.3;eor
       2564;20230215;   10;   5.5;   2.1;    9;   0.0;   0;-999;   0;   7.0;   7.3; 1022.10;    2.6;  100.00;    4.9;    0.0;   -4.6;eor
       2564;20230216;   10;   9.1;   3.6;    9;   1.1;   6;-999;   0;   7.5;   8.5; 1015.40;    5.6;   92.00;    7.6;    2.9;    0.4;eor
       2564;20230217;   10;  26.0;   9.8;    9;  11.8;   6;-999;   0;   7.3;   9.9; 1005.30;    8.9;   86.00;   12.2;    6.8;    4.9;eor
       2564;20230218;   10;  15.4;   5.3;    9;   4.4;   6;-999;   0;   6.9;   7.8; 1008.50;    5.2;   88.00;    7.2;    3.2;    1.4;eor
       2564;20230219;   10;  11.9;   4.5;    9;   0.2;   6;-999;   0;   5.5;   7.0; 1014.70;    4.8;   82.00;    8.1;    1.8;   -0.9;eor
       2564;20230220;   10;  21.3;   9.4;    9;   0.5;   6;-999;   0;   7.5;   9.8; 1007.10;    8.1;   90.00;   10.4;    5.7;    4.2;eor
       2564;20230221;   10;  12.0;   5.2;    9;   0.0;   6;-999;   0;   7.3;   8.5; 1010.10;    7.6;   82.00;   10.2;    5.3;   -0.2;eor
       2564;20230222;   10;   7.8;   2.6;    9;   0.0;   6;-999;   0;   7.9;   9.3; 1010.40;    7.7;   89.00;    9.6;    5.5;    3.0;eor
       2564;20230223;   10;  10.6;   4.1;    9;   0.6;   6;-999;   0;   7.0;   8.5; 1007.80;    6.9;   84.00;    8.8;    3.1;    0.7;eor
       2564;20230224;   10;  16.5;   6.3;    9;   3.7;   8;-999;   0;   6.8;   7.3;  995.60;    5.3;   82.00;    8.9;    3.3;    1.9;eor
       2564;20230225;   10;  16.7;   8.0;    9;   0.3;   8;-999;   0;   6.2;   5.1; 1003.50;    2.6;   69.00;    4.5;   -0.1;   -1.6;eor
       2564;20230226;   10;  10.9;   4.6;    9;   0.0;   0;-999;   0;   3.7;   4.8; 1020.00;    1.9;   69.00;    4.9;   -1.8;   -6.0;eor
       2564;20230227;   10;   5.5;   2.2;    9;   0.0;   6;-999;   0;   5.8;   5.9; 1026.60;    3.3;   77.00;    6.8;   -1.3;   -6.0;eor
       2564;20230228;   10;   5.1;   1.4;    9;   0.0;   0;-999;   0;   1.4;   6.4; 1028.10;    4.1;   79.00;    8.9;   -0.9;   -5.1;eor
       2564;20230301;   10;   5.0;   2.1;    9;   0.0;   0;-999;   0;   7.6;   6.1; 1026.30;    0.1;   99.00;    2.0;   -1.9;   -3.8;eor
       2564;20230302;   10;   4.2;   1.6;    9;   0.0;   0;-999;   0;   5.0;   6.6; 1022.60;    2.0;   93.00;    5.7;   -0.3;   -4.8;eor
       2564;20230303;   10;  12.0;   4.6;    9;   0.0;   6;-999;   0;   6.1;   6.6; 1018.40;    2.7;   89.00;    6.9;   -2.8;   -6.3;eor
       2564;20230304;   10;  14.0;   5.3;    9;   0.0;   6;-999;   0;   7.0;   5.9; 1013.70;    4.7;   68.00;    6.6;    1.1;   -1.1;eor
       2564;20230305;   10;  11.9;   4.3;    9;   0.2;   7;-999;   0;   7.1;   5.0; 1006.80;    2.0;   71.00;    4.7;   -0.3;   -2.7;eor
       2564;20230306;   10;  11.8;   3.9;    9;   0.5;   8;-999;   0;   7.3;   5.2;  997.80;    2.0;   75.00;    5.8;   -1.5;   -4.8;eor
       2564;20230307;   10;  21.1;   7.7;    9;   1.6;   8;-999;   0;   4.1;   5.3;  986.50;    1.8;   76.00;    4.6;   -1.9;   -7.5;eor
       2564;20230308;   10;   6.3;   2.4;    9;   0.2;   7;-999;   0;   6.9;   5.2;  992.80;    0.1;   84.00;    2.7;   -1.8;   -5.9;eor
       2564;20230309;   10;   5.4;   2.3;    9;   0.0;   0;-999;   0;   7.9;   5.2;  994.40;    1.3;   77.00;    4.2;   -1.5;   -4.2;eor
       2564;20230310;   10;  11.4;   5.5;    9;   0.1;   8;-999;   0;   7.5;   5.4;  989.60;    1.7;   78.00;    3.3;   -1.4;   -3.5;eor
       2564;20230311;   10;  19.4;   5.4;    9;   0.6;   8;-999;   0;   4.1;   5.5; 1001.10;    1.8;   79.00;    6.3;   -1.8;   -3.9;eor
       2564;20230312;   10;   9.8;   3.5;    9;   3.1;   8;-999;   0;   6.5;   6.2; 1002.90;    1.8;   88.00;    7.5;   -1.8;   -6.4;eor
       2564;20230313;   10;  24.3;   8.5;    9;   5.5;   6;-999;   0;   7.0;  10.0;  986.90;   11.0;   77.00;   15.0;    7.3;    6.4;eor
       2564;20230314;   10;  16.5;   7.2;    9;   3.8;   8;-999;   0;   5.5;   7.4;  987.80;    6.2;   76.00;   10.8;    1.2;   -0.3;eor
       2564;20230315;   10;  16.1;   5.3;    9;   0.8;   8;-999;   1;   4.0;   6.0; 1008.70;    2.7;   81.00;    6.3;   -0.4;   -4.2;eor
       2564;20230316;   10;  13.3;   4.6;    9;   0.0;   0;-999;   0;   7.0;   5.1; 1013.50;    4.8;   63.00;    8.3;   -0.2;   -5.0;eor
       2564;20230317;   10;   9.3;   3.7;    9;   0.2;   6;-999;   0;   8.0;   7.0; 1005.10;    9.7;   58.00;   15.7;    4.7;    2.9;eor
       2564;20230318;   10;  10.9;   3.1;    9;   0.0;   6;-999;   0;   7.2;  10.1; 1006.00;   10.5;   80.00;   13.7;    7.6;    4.0;eor
       2564;20230319;   10;   8.0;   2.7;    9;   0.1;   6;-999;   0;   7.3;  10.8; 1009.80;   10.2;   87.00;   15.1;    7.3;    4.0;eor
       2564;20230320;   10;  10.9;   4.3;    9;   2.6;   6;-999;   0;   7.5;   9.4; 1011.70;    7.1;   93.00;    8.9;    5.8;    5.1;eor
       2564;20230321;   10;   8.0;   3.3;    9;   1.7;   6;-999;   0;   7.0;  11.0; 1008.00;    8.9;   96.00;   10.4;    7.3;    6.8;eor
       2564;20230322;   10;  15.8;   5.4;    9;   7.6;   6;-999;   0;   6.9;  10.9; 1000.40;   10.3;   87.00;   13.4;    8.3;    6.6;eor
       2564;20230323;   10;  16.9;   5.6;    9;   3.8;   6;-999;   0;   5.6;  10.3;  996.70;   11.0;   79.00;   13.3;    8.6;    6.9;eor
       2564;20230324;   10;  22.4;   7.0;    9;   5.4;   6;-999;   0;   4.1;   9.9;  993.40;   10.7;   77.00;   12.6;    8.5;    5.6;eor
       2564;20230325;   10;  12.7;   5.2;    9;   5.0;   6;-999;   0;   7.1;   9.7;  993.50;    8.4;   88.00;   10.0;    7.0;    6.1;eor
       2564;20230326;   10;  12.0;   4.9;    9;   0.0;   0;-999;   0;   5.1;   6.5;  999.60;    5.9;   70.00;    9.8;    0.2;   -3.0;eor
       2564;20230327;   10;  17.0;   5.3;    9;   1.6;   8;-999;   0;   3.0;   5.4; 1009.40;    2.1;   77.00;    6.1;   -1.4;   -5.7;eor
       2564;20230328;   10;  10.2;   3.1;    9;   0.5;   6;-999;   0;   4.4;   5.4; 1017.60;    3.2;   71.00;    7.3;   -2.4;   -7.3;eor
       2564;20230329;   10;   8.1;   3.2;    9;   1.3;   6;-999;   0;   7.2;   8.2; 1009.50;    6.1;   86.00;    8.6;    2.7;    2.0;eor
       2564;20230330;   10;  17.4;   5.6;    9;   2.6;   6;-999;   0;   7.5;  11.1;  998.50;   10.3;   89.00;   14.1;    7.9;    7.1;eor
       2564;20230331;   10;  10.4;   3.2;    9;   4.3;   6;-999;   0;   7.5;  11.5;  992.70;   10.3;   91.00;   12.3;    6.8;    6.7;eor
       2564;20230401;   10;  16.8;   9.6;    9;   1.7;   6;-999;   0;   6.5;   7.0; 1001.50;    4.2;   84.00;    6.8;    2.5;    0.7;eor
       2564;20230402;   10;  12.1;   6.0;    9;   0.0;   0;-999;   0;   0.1;   5.3; 1022.50;    3.7;   67.00;    6.4;   -1.6;   -5.5;eor
       2564;20230403;   10;   8.6;   2.4;    9;   0.0;   0;-999;   0;   1.6;   5.0; 1030.50;    2.5;   70.00;    7.3;   -3.0;   -7.0;eor
       2564;20230404;   10;   7.0;   1.7;    9;   0.0;   0;-999;   0;   4.8;   4.4; 1025.70;    2.7;   62.00;    7.4;   -2.3;   -6.3;eor
       2564;20230405;   10;   7.1;   2.5;    9;   0.0;   0;-999;   0;   4.2;   5.5; 1019.70;    3.9;   70.00;    8.8;   -1.7;   -4.9;eor
       2564;20230406;   10;   9.8;   3.4;    9;   0.0;   0;-999;   0;   2.3;   5.7; 1015.50;    6.2;   63.00;   11.6;    0.5;   -4.2;eor
       2564;20230407;   10;  10.8;   5.2;    9;   0.0;   6;-999;   0;   4.4;   6.7; 1018.70;    5.6;   73.00;    8.2;    1.9;   -0.8;eor
       2564;20230408;   10;   9.1;   4.3;    9;   0.0;   0;-999;   0;   4.6;   8.2; 1023.50;    5.8;   88.00;    9.7;    2.8;   -0.6;eor
       2564;20230409;   10;   7.6;   2.9;    9;   0.0;   0;-999;   0;   5.8;   8.4; 1023.70;    7.2;   84.00;   11.5;    3.9;    1.4;eor
       2564;20230410;   10;  13.0;   4.9;    9;   4.9;   6;-999;   0;   7.5;   8.4; 1014.00;   11.5;   65.00;   16.3;    5.8;    3.6;eor
       2564;20230411;   10;  12.2;   4.2;    9;  17.5;   6;-999;   0;   6.7;   9.3; 1003.60;    7.6;   89.00;    9.9;    4.3;   -0.1;eor
       2564;20230412;   10;  14.2;   4.1;    9;   8.2;   6;-999;   0;   6.6;   8.4;  998.10;    7.4;   82.00;   11.5;    3.4;   -0.3;eor
       2564;20230413;   10;  17.3;   3.8;    9;   0.4;   6;-999;   0;   4.8;   8.4;  998.60;    7.5;   82.00;   13.1;    3.6;   -0.9;eor
       2564;20230414;   10;   7.9;   3.0;    9;   3.1;   6;-999;   0;   7.3;   8.7; 1007.80;    6.8;   88.00;   10.6;    0.9;   -2.9;eor
       2564;20230415;   10;  11.4;   5.2;    9;   0.0;   6;-999;   0;   7.7;  10.1; 1010.10;    9.0;   89.00;   12.2;    6.9;    6.5;eor
       2564;20230416;   10;   8.0;   3.1;    9;   0.0;   6;-999;   0;   8.0;   9.5; 1019.30;    8.9;   84.00;    9.9;    7.1;    4.5;eor
       2564;20230417;   10;   8.8;   3.7;    9;   0.0;   0;-999;   0;   3.1;   8.3; 1025.00;    8.4;   76.00;   11.8;    5.7;    2.6;eor
       2564;20230418;   10;  13.5;   5.6;    9;   0.0;   0;-999;   0;   5.5;   7.1; 1028.90;    8.0;   67.00;   11.7;    5.3;    3.1;eor
       2564;20230419;   10;  14.1;   6.0;    9;   0.0;   6;-999;   0;   2.5;   7.1; 1026.40;    9.1;   62.00;   12.5;    5.0;    2.5;eor
       2564;20230420;   10;  13.4;   7.5;    9;   0.0;   6;-999;   0;   4.5;   8.0; 1020.50;    8.5;   72.00;   12.1;    6.8;    5.5;eor
       2564;20230421;   10;  10.9;   6.0;    9;   0.0;   0;-999;   0;   0.2;   8.5; 1016.40;    9.9;   70.00;   14.2;    6.1;    3.2;eor
       2564;20230422;   10;  11.5;   4.0;    9;   0.6;   6;-999;   0;   4.6;   9.9; 1005.60;   14.6;   61.00;   21.8;    3.6;    0.8;eor
       2564;20230423;   10;   8.9;   3.5;    9;   1.1;   6;-999;   0;   7.1;  10.8; 1001.30;   12.4;   75.00;   16.7;    9.0;    8.2;eor
       2564;20230424;   10;  13.3;   5.5;    9;   5.2;   6;-999;   0;   7.3;  10.2;  996.30;   10.8;   80.00;   13.7;    7.1;    6.4;eor
       2564;20230425;   10;  18.1;   6.9;    9;   0.3;   6;-999;   0;   6.2;   6.9; 1003.90;    5.9;   74.00;    9.3;    3.4;    1.6;eor
       2564;20230426;   10;  16.7;   5.3;    9;   2.3;   6;-999;   0;   3.4;   6.4; 1011.30;    5.3;   72.00;   10.0;    2.0;   -1.3;eor
       2564;20230427;   10;  11.4;   3.9;    9;   0.0;   6;-999;   0;   3.1;   6.6; 1015.70;    5.4;   74.00;   10.1;    0.7;   -4.0;eor
       2564;20230428;   10;   9.6;   3.6;    9;   1.2;   6;-999;   0;   6.9;   7.8; 1011.40;    7.8;   75.00;   14.3;    0.8;   -4.2;eor
       2564;20230429;   10;  12.8;   4.7;    9;   0.0;   0;-999;   0;   3.8;   7.9; 1013.30;    9.0;   69.00;   14.4;    2.6;   -1.2;eor
       2564;20230430;   10;   8.2;   2.7;    9;   0.0;   0;-999;   0;   2.9;   6.7; 1019.70;    7.6;   65.00;   12.5;    0.9;   -3.3;eor
       2564;20230501;   10;   9.0;   3.5;    9;   0.1;   6;-999;   0;   7.9;   7.8; 1012.30;   11.6;   59.00;   17.8;    6.0;    2.2;eor
       2564;20230502;   10;  12.6;   5.5;    9;   0.0;   0;-999;   0;   4.6;   7.0; 1018.30;    7.6;   67.00;   12.0;    2.3;   -1.2;eor
       2564;20230503;   10;   7.8;   2.9;    9;   0.0;   0;-999;   0;   4.6;   7.2; 1024.90;    6.9;   73.00;   11.3;    1.3;   -2.7;eor
       2564;20230504;   10;  10.0;   3.7;    9;   0.0;   0;-999;   0;   6.7;   7.9; 1021.40;    8.6;   72.00;   13.0;    0.3;   -2.5;eor
       2564;20230505;   10;  19.4;   8.9;    9;  14.0;   6;-999;   0;   7.6;   8.5; 1017.50;    8.5;   77.00;   11.5;    6.1;    5.6;eor
       2564;20230506;   10;  12.0;   5.4;    9;   0.0;   6;-999;   0;   7.5;   9.3; 1017.20;    7.2;   91.00;    8.1;    6.3;    5.8;eor
       2564;20230507;   10;  11.1;   5.0;    9;   0.0;   0;-999;   0;   6.1;   9.7; 1020.10;   11.0;   74.00;   15.6;    7.9;    5.1;eor
       2564;20230508;   10;  11.5;   4.5;    9;   0.0;   0;-999;   0;   3.2;   7.8; 1020.80;   13.5;   53.00;   18.7;    7.7;    4.2;eor
       2564;20230509;   10;  13.0;   5.3;    9;   0.0;   0;-999;   0;   5.8;   8.1; 1011.60;   15.2;   48.00;   20.0;    9.4;    7.4;eor
       2564;20230510;   10;   8.8;   3.6;    9;   1.2;   6;-999;   0;   7.9;  11.3; 1006.70;   14.0;   71.00;   18.0;   11.1;    9.0;eor
       2564;20230511;   10;   7.6;   2.7;    9;   0.1;   6;-999;   0;   7.2;  13.2; 1012.70;   12.9;   89.00;   16.5;   11.3;   10.6;eor
       2564;20230512;   10;   9.7;   4.6;    9;   0.0;   0;-999;   0;   2.8;  10.8; 1017.90;   14.7;   66.00;   19.2;   10.5;    9.0;eor
       2564;20230513;   10;   8.9;   4.3;    9;   0.0;   0;-999;   0;   0.0;  10.9; 1019.60;   14.0;   70.00;   20.2;    8.7;    5.4;eor
       2564;20230514;   10;   8.6;   2.6;    9;   0.0;   0;-999;   0;   4.7;  10.7; 1015.10;   14.8;   65.00;   20.6;    7.3;    4.0;eor
       2564;20230515;   10;  11.0;   3.4;    9;   0.1;   6;-999;   0;   5.5;  11.0; 1008.00;   14.4;   70.00;   20.6;    8.2;    4.5;eor
       2564;20230516;   10;  15.7;   6.6;    9;   2.8;   6;-999;   0;   7.1;   9.1; 1011.00;    9.8;   76.00;   12.7;    7.4;    6.0;eor
       2564;20230517;   10;  14.0;   6.2;    9;   0.0;   0;-999;   0;   6.5;   7.1; 1019.90;    8.7;   63.00;   12.3;    4.0;    0.0;eor
       2564;20230518;   10;   6.4;   2.2;    9;   0.0;   0;-999;   0;   3.9;   7.8; 1025.60;    9.3;   67.00;   14.7;    3.4;   -0.7;eor
       2564;20230519;   10;   8.9;   3.2;    9;   0.0;   0;-999;   0;   4.6;   9.4; 1025.70;   10.5;   75.00;   14.3;    3.9;   -0.8;eor
       2564;20230520;   10;  12.9;   5.7;    9;   0.0;   6;-999;   0;   5.0;  10.4; 1023.40;   12.4;   72.00;   15.9;    8.2;    5.3;eor
       2564;20230521;   10;   8.9;   4.8;    9;   0.0;   0;-999;   0;   7.3;  13.4; 1017.30;   14.4;   81.00;   19.5;   10.2;    9.0;eor
       2564;20230522;   10;  10.3;   4.3;    9;   0.3;   6;-999;   0;   8.0;  13.8; 1012.70;   16.9;   73.00;   22.8;   12.2;   11.3;eor
       2564;20230523;   10;  12.8;   5.1;    9;   1.9;   6;-999;   0;   7.7;  11.5; 1011.90;   12.1;   81.00;   13.9;    9.6;    9.1;eor
       2564;20230524;   10;   8.2;   3.5;    9;   0.0;   0;-999;   0;   5.4;  11.2; 1017.20;   12.9;   76.00;   17.6;    9.5;    9.2;eor
       2564;20230525;   10;   9.0;   3.7;    9;   0.0;   0;-999;   0;   1.8;   9.8; 1022.30;   12.7;   68.00;   18.2;    7.5;    5.5;eor
       2564;20230526;   10;  10.9;   3.7;    9;   0.0;   0;-999;   0;   2.3;   9.0; 1025.60;   11.4;   68.00;   16.8;    5.4;    3.3;eor
       2564;20230527;   10;   7.6;   2.4;    9;   0.0;   0;-999;   0;   0.5;   9.6; 1023.60;   12.2;   70.00;   17.3;    5.0;    1.7;eor
       2564;20230528;   10;   7.1;   3.0;    9;   0.0;   0;-999;   0;   4.0;  10.3; 1019.00;   13.4;   68.00;   18.6;    6.0;    2.4;eor
       2564;20230529;   10;   8.4;   3.4;    9;   0.0;   6;-999;   0;   5.7;   8.7; 1020.60;   12.4;   63.00;   18.1;    5.1;    1.4;eor
       2564;20230530;   10;   6.7;   2.4;    9;   0.0;   6;-999;   0;   5.8;  10.6; 1023.10;   12.1;   76.00;   17.4;    6.4;    2.9;eor
       2564;20230531;   10;  11.5;   4.5;    9;   0.0;   0;-999;   0;   5.8;  11.4; 1020.90;   14.0;   73.00;   21.0;    5.9;    1.4;eor
       2564;20230601;   10;  11.4;   5.3;    9;   0.0;   0;-999;   0;   4.4;  10.6; 1015.20;   13.1;   71.00;   18.1;    7.3;    4.8;eor
       2564;20230602;   10;  10.4;   4.6;    9;   0.0;   0;-999;   0;   4.1;   9.8; 1019.20;   13.6;   64.00;   17.4;    6.5;    3.3;eor
       2564;20230603;   10;   7.4;   2.3;    9;   0.0;   0;-999;   0;   1.4;   8.6; 1020.70;   13.5;   59.00;   19.5;    4.7;    1.0;eor
       2564;20230604;   10;   6.7;   2.6;    9;   0.0;   0;-999;   0;   1.7;  10.7; 1019.70;   12.7;   74.00;   17.8;    5.6;    2.7;eor
       2564;20230605;   10;   6.2;   2.3;    9;   0.0;   0;-999;   0;   0.2;  11.9; 1019.10;   14.2;   75.00;   20.0;    6.4;    2.2;eor
       2564;20230606;   10;   8.6;   2.9;    9;   0.0;   0;-999;   0;   0.1;  12.1; 1017.40;   15.9;   70.00;   23.6;    8.2;    2.5;eor
       2564;20230607;   10;   8.3;   3.1;    9;   0.0;   0;-999;   0;   1.7;  11.8; 1016.80;   14.6;   74.00;   22.6;    7.4;    1.0;eor
       2564;20230608;   10;   5.5;   2.7;    9;   0.0;   0;-999;   0;   2.4;  11.9; 1015.10;   15.3;   71.00;   22.9;    8.4;    6.2;eor
       2564;20230609;   10;  10.1;   4.1;    9;   0.0;   0;-999;   0;   5.8;  14.1; 1015.60;   16.2;   78.00;   22.9;    7.5;    2.5;eor
       2564;20230610;   10;  13.2;   7.1;    9;   0.0;   0;-999;   0;   2.2;  13.2; 1017.40;   16.3;   71.00;   20.9;   12.7;   11.0;eor
       2564;20230611;   10;  11.2;   5.8;    9;   0.0;   0;-999;   0;   0.8;  13.1; 1018.40;   17.4;   67.00;   22.7;   13.1;   11.6;eor
       2564;20230612;   10;  11.5;   4.5;    9;   0.0;   0;-999;   0;   0.7;  12.8; 1017.00;   19.2;   60.00;   26.8;   13.1;    9.9;eor
       2564;20230613;   10;  13.9;   6.3;    9;   0.0;   0;-999;   0;   0.0;  11.5; 1015.80;   17.2;   60.00;   23.0;   12.2;    8.5;eor
       2564;20230614;   10;   8.0;   3.9;    9;   0.0;   6;-999;   0;   0.5;  13.9; 1017.60;   17.4;   72.00;   22.3;   11.9;    6.3;eor
       2564;20230615;   10;  11.1;   2.8;    9;   0.3;   6;-999;   0;   5.7;  12.6; 1016.10;   17.3;   66.00;   23.0;    9.3;    5.9;eor
       2564;20230616;   10;   8.4;   3.2;    9;   0.3;   6;-999;   0;   7.0;  15.9; 1012.00;   17.8;   79.00;   23.5;   12.9;   10.1;eor
       2564;20230617;   10;   7.6;   2.4;    9;   0.0;   0;-999;   0;   1.5;  14.1; 1010.90;   18.4;   70.00;   24.3;   11.5;    9.1;eor
       2564;20230618;   10;   7.6;   2.8;    9;   0.0;   0;-999;   0;   1.4;  15.5; 1010.50;   20.1;   69.00;   26.6;   11.5;    8.2;eor
       2564;20230619;   10;  11.7;   3.4;    9;   0.4;   6;-999;   0;   6.5;  16.7; 1008.80;   20.1;   71.00;   27.9;   13.7;    9.1;eor
       2564;20230620;   10;   7.4;   3.0;    9;   1.9;   6;-999;   0;   6.6;  16.6; 1010.40;   19.0;   77.00;   24.0;   10.6;    7.3;eor
       2564;20230621;   10;  13.5;   4.8;    9;   0.0;   0;-999;   0;   4.3;  17.4; 1011.10;   20.3;   74.00;   24.5;   14.7;   10.0;eor
       2564;20230622;   10;   7.3;   3.0;    9;   0.2;   6;-999;   0;   6.3;  14.6; 1015.10;   19.8;   66.00;   24.8;   12.1;    8.6;eor
       2564;20230623;   10;  10.5;   4.3;    9;   0.0;   6;-999;   0;   7.2;  15.5; 1015.70;   20.0;   67.00;   25.7;   12.9;    9.5;eor
       2564;20230624;   10;  12.2;   3.2;    9;   0.0;   0;-999;   0;   5.7;  14.5; 1019.20;   19.2;   67.00;   26.2;   11.4;    8.1;eor
       2564;20230625;   10;   6.9;   2.6;    9;   0.0;   0;-999;   0;   1.0;  16.4; 1015.00;   21.7;   65.00;   27.0;   13.8;   10.8;eor
       2564;20230626;   10;  16.4;   5.5;    9;   1.2;   6;-999;   0;   3.2;  16.4; 1009.10;   20.5;   68.00;   29.0;   13.9;   12.2;eor
       2564;20230627;   10;  17.0;   5.8;    9;   1.5;   6;-999;   0;   2.4;  12.8; 1011.20;   16.7;   68.00;   22.9;   12.1;   10.0;eor
       2564;20230628;   10;  10.3;   4.0;    9;   0.0;   0;-999;   0;   4.7;  13.9; 1012.60;   18.1;   69.00;   24.1;   11.4;    7.3;eor
       2564;20230629;   10;  11.7;   3.2;    9;   4.2;   6;-999;   0;   7.6;  18.4; 1009.40;   20.3;   78.00;   24.3;   16.3;   15.7;eor
       2564;20230630;   10;   8.8;   3.6;    9;   1.7;   6;-999;   0;   6.3;  13.4; 1006.80;   17.8;   67.00;   22.2;   15.1;   13.5;eor
       2564;20230701;   10;  10.5;   4.4;    9;   5.7;   6;-999;   0;   7.5;  15.7;  998.20;   16.5;   83.00;   18.8;   14.6;   13.5;eor
       2564;20230702;   10;  19.9;   8.0;    9;   1.9;   6;-999;   0;   5.8;  12.7;  999.40;   16.2;   69.00;   19.4;   13.1;   11.3;eor
       2564;20230703;   10;  19.6;   6.1;    9;   4.0;   6;-999;   0;   5.8;  12.0; 1001.50;   14.9;   72.00;   19.7;   12.2;   11.0;eor
       2564;20230704;   10;  17.0;   6.0;    9;   2.9;   6;-999;   0;   4.8;  12.2; 1005.00;   15.2;   72.00;   19.6;   11.7;    8.7;eor
       2564;20230705;   10;  21.9;   5.8;    9;  10.5;   6;-999;   0;   7.3;  13.5; 1002.50;   14.5;   82.00;   19.6;   11.5;    9.2;eor
       2564;20230706;   10;  12.4;   4.9;    9;   0.0;   6;-999;   0;   5.0;  12.3; 1011.90;   16.3;   68.00;   21.4;   12.4;    9.6;eor
       2564;20230707;   10;   9.2;   2.6;    9;   0.0;   0;-999;   0;   2.5;  13.5; 1018.00;   18.6;   65.00;   24.8;   11.5;    7.0;eor
       2564;20230708;   10;   8.8;   3.6;    9;   0.0;   0;-999;   0;   0.4;  14.3; 1018.00;   19.9;   64.00;   25.8;   12.3;    8.2;eor
       2564;20230709;   10;   9.5;   3.9;    9;   1.3;   6;-999;   0;   4.9;  15.0; 1016.80;   22.1;   58.00;   28.4;   14.1;   11.0;eor
       2564;20230710;   10;  11.7;   3.9;    9;   7.3;   6;-999;   0;   4.8;  18.1; 1014.50;   19.9;   79.00;   24.0;   14.4;    9.8;eor
       2564;20230711;   10;  11.5;   3.3;    9;  11.4;   6;-999;   0;   6.3;  16.0; 1009.60;   21.8;   65.00;   28.7;   14.1;    9.8;eor
       2564;20230712;   10;  15.1;   4.5;    9;   3.1;   6;-999;   0;   5.2;  17.0; 1004.50;   18.5;   80.00;   22.5;   14.6;   12.7;eor
       2564;20230713;   10;  13.8;   5.0;    9;   4.2;   6;-999;   0;   5.0;  14.8; 1009.60;   17.3;   76.00;   21.8;   14.3;   12.9;eor
       2564;20230714;   10;   7.5;   2.6;    9;   0.0;   6;-999;   0;   5.3;  15.3; 1011.20;   18.0;   75.00;   22.8;   12.5;   10.2;eor
       2564;20230715;   10;  14.2;   4.7;    9;   4.8;   6;-999;   0;   6.0;  16.4; 1002.40;   24.0;   56.00;   30.0;   16.8;   16.2;eor
       2564;20230716;   10;  16.5;   5.6;    9;   0.5;   6;-999;   0;   6.1;  15.3; 1006.70;   19.3;   69.00;   23.4;   16.3;   15.2;eor
       2564;20230717;   10;  14.3;   5.0;    9;   0.3;   6;-999;   0;   5.8;  14.5; 1011.40;   17.3;   74.00;   20.7;   13.6;   12.0;eor
       2564;20230718;   10;  11.5;   4.1;    9;   0.8;   6;-999;   0;   5.8;  13.5; 1013.50;   16.9;   71.00;   21.6;   12.8;   11.0;eor
       2564;20230719;   10;   5.7;   2.3;    9;   0.6;   6;-999;   0;   7.4;  14.2; 1008.70;   14.9;   84.00;   17.3;   12.5;   10.7;eor
       2564;20230720;   10;  14.1;   4.8;    9;   2.9;   6;-999;   0;   4.3;  13.0; 1008.30;   15.1;   76.00;   19.9;   11.5;    8.8;eor
       2564;20230721;   10;  10.4;   3.0;    9;   1.8;   6;-999;   0;   5.8;  13.0; 1006.60;   14.7;   78.00;   19.4;   11.1;    8.9;eor
       2564;20230722;   10;   9.4;   3.7;    9;   6.7;   6;-999;   0;   6.7;  14.3; 1007.00;   14.5;   87.00;   18.0;   12.3;   11.4;eor
       2564;20230723;   10;  10.8;   4.3;    9;   9.6;   6;-999;   0;   7.2;  16.6; 1001.50;   15.6;   93.00;   17.3;   13.5;   13.1;eor
       2564;20230724;   10;  10.1;   4.3;    9;   0.2;   6;-999;   0;   6.8;  17.3;  996.50;   17.9;   84.00;   21.6;   13.7;   12.4;eor
       2564;20230725;   10;  13.4;   5.2;    9;   0.0;   6;-999;   0;   3.7;  12.7; 1000.00;   15.7;   73.00;   19.8;   12.3;   10.7;eor
       2564;20230726;   10;  12.8;   4.2;    9;  12.3;   6;-999;   0;   6.5;  12.7; 1004.60;   14.3;   78.00;   17.2;   11.9;   10.3;eor
       2564;20230727;   10;   8.3;   2.9;    9;   0.4;   6;-999;   0;   7.5;  14.6; 1001.80;   15.9;   81.00;   19.1;   12.7;   11.7;eor
       2564;20230728;   10;   5.9;   1.9;    9;  10.3;   6;-999;   0;   5.5;  16.5; 1001.20;   18.2;   79.00;   21.6;   14.1;   13.0;eor
       2564;20230729;   10;  12.2;   3.8;    9;   0.0;   6;-999;   0;   6.4;  17.9; 1001.60;   19.0;   82.00;   23.9;   14.9;   13.3;eor
       2564;20230730;   10;  15.7;   3.8;    9;   5.1;   6;-999;   0;   5.6;  15.7; 1003.60;   16.5;   84.00;   21.2;   13.5;   12.2;eor
       2564;20230731;   10;   9.6;   3.5;    9;  11.1;   6;-999;   0;   7.4;  16.1;  999.30;   15.7;   90.00;   17.9;   13.5;   12.4;eor
       2564;20230801;   10;  11.0;   3.7;    9;   9.8;   6;-999;   0;   7.3;  17.1;  991.40;   16.3;   92.00;   18.9;   15.0;   14.0;eor
       2564;20230802;   10;   8.5;   3.2;    9;   1.4;   6;-999;   0;   6.9;  16.8;  990.40;   16.8;   88.00;   20.0;   14.2;   13.0;eor
       2564;20230803;   10;   9.2;   3.3;    9;  13.2;   6;-999;   0;   7.6;  17.5;  990.50;   17.3;   88.00;   19.9;   14.8;   13.6;eor
       2564;20230804;   10;   9.9;   4.2;    9;   0.0;   6;-999;   0;   6.5;  15.0; 1006.10;   16.9;   78.00;   21.1;   12.4;    9.4;eor
       2564;20230805;   10;   6.8;   2.7;    9;   0.0;   6;-999;   0;   6.9;  14.3; 1008.90;   16.9;   75.00;   21.2;   12.5;    9.4;eor
       2564;20230806;   10;   8.3;   3.6;    9;   0.0;   0;-999;   0;   7.9;  15.0; 1002.40;   16.7;   79.00;   18.9;   14.7;   12.3;eor
       2564;20230807;   10;  21.7;   9.3;    9;   0.1;   6;-999;   0;   7.3;  12.8; 1000.30;   15.5;   73.00;   18.4;   13.4;   11.6;eor
       2564;20230808;   10;  20.0;   7.4;    9;  13.3;   6;-999;   0;   5.3;  12.6; 1001.00;   13.9;   79.00;   18.1;   11.8;   10.2;eor
       2564;20230809;   10;  16.5;   6.1;    9;   0.1;   6;-999;   0;   6.7;  12.3; 1008.20;   14.7;   74.00;   18.9;   11.6;   10.4;eor
       2564;20230810;   10;  10.8;   3.9;    9;   0.0;   6;-999;   0;   5.1;  11.7; 1016.00;   15.3;   68.00;   19.5;   11.7;    8.2;eor
       2564;20230811;   10;   7.0;   2.5;    9;   1.2;   6;-999;   0;   6.5;  15.4; 1016.00;   18.3;   73.00;   24.3;   11.6;    8.5;eor
       2564;20230812;   10;   7.8;   2.3;    9;  18.4;   6;-999;   0;   7.0;  19.7; 1011.30;   18.7;   91.00;   21.2;   15.4;   14.0;eor
       2564;20230813;   10;   9.1;   2.9;    9;   0.0;   6;-999;   0;   5.0;  16.6; 1012.20;   18.5;   79.00;   23.0;   14.2;   12.3;eor
       2564;20230814;   10;   6.1;   2.0;    9;   0.0;   6;-999;   0;   5.3;  17.4; 1011.50;   20.1;   75.00;   26.0;   15.7;   13.1;eor
       2564;20230815;   10;  11.5;   3.0;    9;   0.3;   6;-999;   0;   5.8;  18.6; 1011.10;   20.2;   78.00;   24.2;   14.8;   11.4;eor
       2564;20230816;   10;   8.3;   3.1;    9;   0.0;   0;-999;   0;   3.2;  15.3; 1017.80;   17.6;   78.00;   22.6;   12.7;   10.2;eor
       2564;20230817;   10;   9.2;   4.1;    9;  20.3;   6;-999;   0;   7.3;  16.8; 1019.10;   16.2;   90.00;   17.8;   13.9;   12.1;eor
       2564;20230818;   10;   8.7;   4.9;    9;   0.0;   0;-999;   0;   7.0;  19.0; 1015.90;   18.3;   90.00;   20.7;   16.5;   15.8;eor
       2564;20230819;   10;   9.1;   3.5;    9;  10.6;   6;-999;   0;   7.6;  22.9; 1013.40;   21.3;   90.00;   26.8;   17.7;   17.4;eor
       2564;20230820;   10;   8.0;   3.0;    9;   0.0;   0;-999;   0;   3.7;  18.3; 1017.80;   19.5;   82.00;   24.5;   15.9;   13.1;eor
       2564;20230821;   10;   8.5;   2.9;    9;   0.0;   0;-999;   0;   4.8;  16.7; 1018.80;   18.6;   79.00;   23.8;   15.1;   11.3;eor
       2564;20230822;   10;   7.8;   2.8;    9;   0.0;   0;-999;   0;   4.2;  15.5; 1015.70;   19.6;   69.00;   24.3;   14.6;   11.9;eor
       2564;20230823;   10;  10.7;   3.3;    9;   0.0;   0;-999;   0;   5.5;  17.3; 1014.90;   18.9;   80.00;   23.5;   14.9;   10.8;eor
       2564;20230824;   10;   6.9;   2.5;    9;   4.3;   6;-999;   0;   5.8;  16.5; 1011.70;   17.5;   84.00;   22.2;   12.3;    9.4;eor
       2564;20230825;   10;   7.0;   2.9;    9;  16.0;   6;-999;   0;   7.4;  20.2; 1003.50;   19.4;   90.00;   23.0;   17.3;   16.5;eor
       2564;20230826;   10;  12.3;   3.8;    9;   0.0;   6;-999;   0;   4.5;  16.3; 1004.60;   17.5;   82.00;   21.0;   12.6;    9.3;eor
       2564;20230827;   10;   7.2;   2.3;    9;   3.1;   6;-999;   0;   6.0;  14.7; 1004.40;   15.9;   82.00;   21.3;   12.6;    8.8;eor
       2564;20230828;   10;   8.5;   3.7;    9;   0.2;   6;-999;   0;   3.8;  14.1; 1005.90;   15.8;   80.00;   20.2;   10.9;    7.7;eor
       2564;20230829;   10;   5.4;   1.6;    9;   0.0;   0;-999;   0;   7.1;  13.7; 1006.90;   14.5;   84.00;   19.6;    9.3;    6.7;eor
       2564;20230830;   10;   7.8;   2.3;    9;   1.8;   6;-999;   0;   6.7;  14.0; 1002.10;   15.9;   79.00;   20.0;   10.7;    7.5;eor
       2564;20230831;   10;   9.8;   3.9;    9;   0.7;   6;-999;   0;   5.9;  13.7; 1002.60;   14.7;   82.00;   18.4;   12.3;   11.2;eor
       2564;20230901;   10;   8.4;   3.7;    9;   0.1;   6;-999;   0;   4.1;  14.9; 1008.80;   15.9;   83.00;   20.4;   12.1;   10.2;eor
       2564;20230902;   10;   9.5;   3.2;    9;   0.0;   4;-999;   0;   3.2;  14.3; 1016.60;   16.0;   81.00;   21.7;   10.8;    7.8;eor
       2564;20230903;   10;  10.1;   3.8;    9;   0.0;   0;-999;   0;   6.8;  15.1; 1022.70;   16.5;   81.00;   20.5;   12.5;   10.3;eor
       2564;20230904;   10;   6.2;   2.4;    9;   0.0;   0;-999;   0;   2.5;  15.9; 1023.70;   18.0;   79.00;   24.0;   13.3;   10.1;eor
       2564;20230905;   10;   5.5;   1.7;    9;   0.0;   0;-999;   0;   5.2;  17.0; 1019.00;   18.8;   79.00;   25.4;   13.4;    9.0;eor
       2564;20230906;   10;   6.9;   3.2;    9;   0.0;   0;-999;   0;   1.0;  18.8; 1019.40;   20.0;   81.00;   26.2;   14.3;   10.6;eor
       2564;20230907;   10;   7.8;   3.4;    9;   0.0;   0;-999;   0;   4.0;  19.1; 1020.50;   19.8;   83.00;   25.5;   15.1;   11.9;eor
       2564;20230908;   10;   6.8;   2.4;    9;   0.0;   0;-999;   0;   1.5;  17.6; 1016.10;   21.8;   70.00;   28.4;   15.0;   10.9;eor
       2564;20230909;   10;   5.8;   2.1;    9;   0.0;   0;-999;   0;   2.2;  18.2; 1013.10;   22.2;   70.00;   28.8;   16.9;   13.8;eor
       2564;20230910;   10;   6.4;   2.3;    9;   0.1;   4;-999;   0;   5.7;  18.7; 1014.10;   18.0;   91.00;   22.6;   15.1;   12.5;eor
       2564;20230911;   10;   7.9;   2.1;    9;   0.0;   6;-999;   0;   5.9;  19.5; 1009.50;   20.5;   83.00;   27.6;   14.7;   14.9;eor
       2564;20230912;   10;   7.1;   2.9;    9;   1.1;   6;-999;   0;   7.5;  19.9; 1008.80;   20.0;   86.00;   23.1;   17.0;   15.0;eor
       2564;20230913;   10;   9.3;   4.0;    9;   0.0;   6;-999;   0;   5.3;  13.3; 1012.20;   15.2;   76.00;   17.7;    8.5;    5.5;eor
       2564;20230914;   10;   5.9;   2.2;    9;   0.0;   0;-999;   0;   5.0;  10.9; 1019.00;   13.1;   74.00;   18.9;    6.8;    4.0;eor
       2564;20230915;   10;   6.4;   2.3;    9;   0.0;   0;-999;   0;   3.4;  13.2; 1017.80;   15.6;   75.00;   21.0;    9.7;    4.5;eor
       2564;20230916;   10;   7.2;   2.7;    9;   0.0;   0;-999;   0;   3.4;  15.3; 1012.70;   19.1;   70.00;   24.2;   14.5;   11.1;eor
       2564;20230917;   10;   7.6;   2.3;    9;   0.3;   6;-999;   0;   7.0;  17.2; 1011.20;   19.3;   78.00;   24.0;   14.1;   10.4;eor
       2564;20230918;   10;  12.4;   4.0;    9;   0.5;   6;-999;   0;   6.9;  18.4; 1000.80;   20.0;   78.00;   23.1;   16.7;   15.3;eor
       2564;20230919;   10;  19.3;   7.4;    9;   0.0;   6;-999;   0;   7.0;  13.8;  999.80;   16.7;   72.00;   18.2;   13.5;   11.9;eor
       2564;20230920;   10;  13.2;   5.3;    9;   0.0;   0;-999;   0;   7.5;  16.0; 1001.20;   18.7;   74.00;   21.3;   16.6;   14.5;eor
       2564;20230921;   10;  10.7;   4.1;    9;   1.1;   6;-999;   0;   6.6;  15.9;  995.50;   20.5;   67.00;   26.2;   16.6;   14.7;eor
       2564;20230922;   10;  10.4;   3.8;    9;   5.1;   6;-999;   0;   4.9;  14.4;  996.60;   16.1;   79.00;   18.9;   12.6;    9.2;eor
       2564;20230923;   10;  10.9;   3.5;    9;   0.6;   6;-999;   0;   5.3;  13.6; 1007.20;   13.6;   87.00;   18.0;   10.7;    6.8;eor
       2564;20230924;   10;   8.5;   2.9;    9;   0.0;   0;-999;   0;   3.0;  12.5; 1020.90;   13.9;   79.00;   18.2;    9.6;    6.2;eor
       2564;20230925;   10;-999;   3.8;    9;   0.0;   0;-999;   0;   3.8;  12.3; 1020.40;   15.4;   72.00;   19.5;   12.2;    7.1;eor
       2564;20230926;   10;   6.1;   2.1;    9;   0.0;   0;-999;   0;   7.1;  13.5; 1018.50;   15.9;   76.00;   20.8;   10.9;    5.9;eor
       2564;20230927;   10;   5.6;   2.0;    9;   0.0;   0;-999;   0;   6.3;  15.7; 1015.70;   17.8;   78.00;   23.0;   13.5;    7.8;eor
       2564;20230928;   10;  10.6;   3.2;    9;   0.0;   0;-999;   0;   6.6;  15.9; 1012.00;   17.7;   79.00;   21.7;   14.6;   11.2;eor
       2564;20230929;   10;  12.4;   3.3;    9;   6.3;   6;-999;   0;   6.3;  16.4; 1011.30;   17.1;   84.00;   21.4;   12.2;   10.2;eor
       2564;20230930;   10;  12.9;   4.3;    9;   0.0;   6;-999;   0;   5.0;  13.1; 1018.70;   14.4;   81.00;   18.2;   10.9;    9.3;eor
       2564;20231001;   10;   7.0;   2.8;    9;   2.3;   6;-999;   0;   7.8;  15.6; 1017.30;   15.1;   90.00;   16.9;   13.4;   12.7;eor
       2564;20231002;   10;   9.3;   3.0;    9;   0.0;   6;-999;   0;   7.6;  18.5; 1013.70;   18.0;   89.00;   21.3;   16.2;   15.4;eor
       2564;20231003;   10;  19.8;   5.6;    9;   7.6;   6;-999;   0;   7.0;  15.6; 1005.20;   15.8;   86.00;   20.1;   11.7;   10.3;eor
       2564;20231004;   10;  15.9;   5.4;    9;  17.8;   6;-999;   0;   6.5;  13.5; 1014.90;   13.8;   86.00;   17.4;   11.8;   10.1;eor
       2564;20231005;   10;  14.1;   4.8;    9;   0.3;   6;-999;   0;   5.5;  12.8; 1015.10;   14.0;   81.00;   17.6;   11.0;    6.8;eor
       2564;20231006;   10;  17.1;   6.9;    9;   8.5;   6;-999;   0;   7.2;  16.3; 1012.00;   15.0;   95.00;   17.4;   13.3;   12.7;eor
       2564;20231007;   10;  14.7;   4.9;    9;   3.2;   6;-999;   0;   7.8;  13.1; 1011.30;   12.8;   88.00;   16.9;    9.7;    8.6;eor
       2564;20231008;   10;   8.0;   2.5;    9;   3.5;   6;-999;   0;   6.8;   9.7; 1020.70;   10.5;   77.00;   13.5;    6.3;    4.1;eor
       2564;20231009;   10;   7.3;   2.4;    9;   0.9;   6;-999;   0;   7.6;  12.0; 1013.70;   10.6;   93.00;   11.9;    8.4;    7.4;eor
       2564;20231010;   10;   8.6;   3.1;    9;   0.0;   6;-999;   0;   7.8;  15.3; 1011.60;   14.3;   93.00;   17.1;   10.8;    9.1;eor
       2564;20231011;   10;  16.6;   6.1;    9;  11.0;   6;-999;   0;   7.5;  15.7; 1002.90;   15.7;   88.00;   18.2;   11.6;   10.5;eor
       2564;20231012;   10;  10.7;   3.5;    9;   0.2;   6;-999;   0;   4.5;  10.8; 1007.90;   11.2;   82.00;   15.4;    6.1;    1.9;eor
       2564;20231013;   10;  18.9;   5.6;    9;  15.4;   6;-999;   0;   7.5;  16.4;  997.50;   15.7;   91.00;   20.5;    9.9;    8.9;eor
       2564;20231014;   10;  19.0;   6.3;    9;   1.9;   6;-999;   0;   4.8;  10.1;  999.40;   10.9;   77.00;   13.9;    7.1;    5.6;eor
       2564;20231015;   10;  15.1;   5.2;    9;   0.4;   6;-999;   0;   5.4;   8.5; 1009.50;    7.5;   82.00;   11.2;    4.7;    2.5;eor
       2564;20231016;   10;   8.4;   3.1;    9;   0.0;   0;-999;   0;   5.5;   8.3; 1016.20;    7.1;   83.00;   11.0;    3.7;    0.7;eor
       2564;20231017;   10;   7.0;   2.5;    9;   0.0;   6;-999;   0;   5.4;   9.2; 1017.10;    8.7;   82.00;   12.7;    4.7;    0.2;eor
       2564;20231018;   10;  11.0;   3.3;    9;   0.0;   0;-999;   0;   6.6;   8.7; 1010.00;    8.5;   79.00;   12.8;    3.6;   -0.2;eor
       2564;20231019;   10;  15.9;   7.8;    9;   9.2;   6;-999;   0;   7.6;   9.4;  997.00;    9.3;   80.00;   10.3;    7.9;    6.9;eor
       2564;20231020;   10;  25.8;  11.3;    9;  21.3;   6;-999;   0;   7.3;   9.5;  989.80;    8.2;   88.00;    9.1;    6.6;    6.0;eor
       2564;20231021;   10;  11.3;   3.8;    9;   3.6;   6;-999;   0;   6.6;  11.0;  992.40;    8.7;   97.00;   10.4;    6.4;    5.9;eor
       2564;20231022;   10;  11.7;   3.7;    9;   1.7;   6;-999;   0;   5.3;  11.4; 1001.20;   10.7;   88.00;   12.8;    8.5;    6.5;eor
       2564;20231023;   10;   6.4;   2.1;    9;   0.1;   6;-999;   0;   6.1;  10.4; 1009.20;    9.1;   90.00;   13.6;    5.0;    1.7;eor
       2564;20231024;   10;   9.0;   3.3;    9;   4.2;   6;-999;   0;   7.4;  12.2; 1001.20;   10.6;   95.00;   11.5;    7.4;    5.4;eor
       2564;20231025;   10;   7.1;   3.1;    9;   0.0;   6;-999;   0;   6.8;  11.5;  996.60;    9.7;   95.00;   11.0;    8.8;    6.7;eor
       2564;20231026;   10;  10.3;   5.6;    9;   2.1;   6;-999;   0;   7.3;  11.4;  993.70;   10.0;   92.00;   11.0;    8.6;    8.0;eor
       2564;20231027;   10;  10.2;   5.1;    9;   4.0;   6;-999;   0;   7.0;  10.5;  992.60;    8.5;   95.00;    9.2;    7.3;    6.0;eor
       2564;20231028;   10;   8.0;   3.1;    9;   4.0;   6;-999;   0;   7.8;  10.6;  995.50;    8.7;   94.00;   10.3;    7.3;    6.4;eor
       2564;20231029;   10;  14.3;   4.5;    9;   7.6;   6;-999;   0;   6.8;  12.0;  990.10;   12.0;   86.00;   15.6;    9.7;    7.5;eor
       2564;20231030;   10;  11.7;   4.4;    9;   9.1;   6;-999;   0;   4.8;  11.4;  994.40;   11.9;   82.00;   14.8;    9.9;    8.3;eor
       2564;20231031;   10;  14.1;   3.5;    9;   9.8;   6;-999;   0;   5.7;  10.0;  993.80;    7.2;   95.00;   11.0;    0.8;   -2.6;eor
       2564;20231101;   10;  10.0;   3.4;    9;   0.2;   6;-999;   0;   7.8;   9.9;  997.70;    7.8;   91.00;   12.3;    1.6;    0.5;eor
       2564;20231102;   10;  14.0;   5.3;    9;   0.2;   6;-999;   0;   7.2;  10.5;  982.20;   11.1;   79.00;   12.6;    9.1;    6.9;eor
       2564;20231103;   10;  11.1;   4.6;    9;   0.0;   0;-999;   0;   6.0;   9.7;  979.10;    9.8;   80.00;   10.9;    7.9;    6.1;eor
       2564;20231104;   10;  11.3;   4.7;    9;   0.7;   6;-999;   0;   6.1;   8.7;  979.00;    8.2;   80.00;   10.4;    5.5;    3.7;eor
       2564;20231105;   10;  10.5;   3.3;    9;   9.5;   6;-999;   0;   7.5;  11.0;  973.40;    9.5;   93.00;   10.8;    8.0;    6.7;eor
       2564;20231106;   10;  13.3;   5.9;    9;   0.3;   6;-999;   0;   7.4;  10.9;  991.00;    9.9;   89.00;   11.3;    8.9;    7.9;eor
       2564;20231107;   10;  12.7;   5.2;    9;   3.3;   6;-999;   0;   7.3;  10.3; 1000.90;    9.4;   87.00;   10.8;    8.1;    6.5;eor
       2564;20231108;   10;  12.3;   5.3;    9;   7.6;   6;-999;   0;   7.3;  10.1; 1002.50;    9.1;   87.00;   10.7;    7.9;    7.1;eor
       2564;20231109;   10;  10.1;   4.2;    9;  10.5;   6;-999;   0;   6.7;  10.9;  995.30;    8.9;   95.00;   10.6;    7.2;    5.4;eor
       2564;20231110;   10;   9.0;   3.9;    9;   0.1;   6;-999;   0;   7.6;   9.4;  992.00;    7.9;   88.00;    8.9;    6.8;    6.1;eor
       2564;20231111;   10;   5.9;   1.9;    9;   0.0;   6;-999;   0;   7.3;   9.7;  996.30;    7.7;   93.00;    9.2;    6.0;    3.6;eor
       2564;20231112;   10;   6.4;   2.6;    9;   0.3;   6;-999;   0;   7.3;   9.2; 1001.20;    6.6;   95.00;    8.2;    4.5;    3.1;eor
       2564;20231113;   10;  11.4;   4.2;    9;  23.2;   6;-999;   0;   7.0;   9.0;  997.50;    6.7;   91.00;    9.9;    4.1;    4.0;eor
       2564;20231114;   10;  18.7;   6.8;    9;   3.8;   6;-999;   0;   7.5;  10.9;  989.90;    9.7;   90.00;   11.7;    7.3;    6.2;eor
       2564;20231115;   10;   9.1;   3.3;    9;   5.3;   6;-999;   0;   7.1;   9.6; 1004.40;    7.1;   95.00;    9.2;    6.0;    5.5;eor
       2564;20231116;   10;  14.3;   6.2;    9;   0.1;   6;-999;   0;   7.2;   8.2; 1005.40;    5.7;   89.00;    9.1;    3.7;    2.3;eor
       2564;20231117;   10;   9.9;   4.2;    9;   0.0;   6;-999;   0;   7.6;   8.1; 1013.40;    5.0;   93.00;    6.1;    4.1;    3.2;eor
       2564;20231118;   10;  11.2;   3.1;    9;  19.1;   6;-999;   0;   7.0;   7.6; 1017.30;    4.4;   91.00;    6.2;    1.3;   -1.6;eor
       2564;20231119;   10;  11.8;   4.6;    9;   4.0;   6;-999;   0;   6.9;  11.0;  999.30;    8.7;   97.00;   11.3;    5.0;    4.2;eor
       2564;20231120;   10;   8.5;   2.8;    9;   0.0;   6;-999;   0;   7.6;  11.4; 1002.20;    9.3;   97.00;   10.3;    7.2;    6.7;eor
       2564;20231121;   10;  10.0;   5.2;    9;   0.1;   6;-999;   0;   6.3;   7.8; 1016.20;    6.0;   82.00;    7.3;    2.0;   -2.8;eor
       2564;20231122;   10;  14.3;   4.5;    9;   1.3;   6;-999;   0;   7.3;   6.1; 1021.60;    3.1;   80.00;    6.9;   -0.1;   -3.2;eor
       2564;20231123;   10;  22.8;   9.8;    9;   3.2;   6;-999;   0;   6.7;  10.7; 1002.00;    9.7;   88.00;   12.6;    4.3;    2.5;eor
       2564;20231124;   10;  15.8;   6.7;    9;   5.5;   8;-999;   0;   5.8;   6.5;  995.80;    3.8;   81.00;    5.2;    0.6;   -1.3;eor
       2564;20231125;   10;  12.5;   4.0;    9;   0.8;   8;-999;   0;   6.5;   6.1; 1002.40;    2.6;   82.00;    5.7;    0.4;   -2.3;eor
       2564;20231126;   10;   5.5;   2.4;    9;   0.0;   6;-999;   0;   6.0;   5.1; 1007.90;    0.3;   81.00;    2.0;   -2.8;   -5.5;eor
       2564;20231127;   10;  14.4;   5.4;    9;   1.0;   8;-999;   0;   7.0;   5.9; 1001.70;    2.3;   81.00;    3.2;    1.0;    0.1;eor
       2564;20231128;   10;  14.6;   5.0;    9;   7.0;   8;-999;   1;   6.6;   4.5; 1000.80;   -1.0;   80.00;    2.0;   -3.2;   -4.7;eor
       2564;20231129;   10;  11.3;   4.7;    9;   1.1;   8;-999;  10;   5.8;   4.9;  995.40;   -1.8;   91.00;    1.2;   -8.2;   -3.6;eor
       2564;20231130;   10;   4.9;   2.5;    9;   0.3;   7;-999;   8;   3.0;   3.3;  999.80;   -6.9;   91.00;   -3.6;  -10.7;   -6.6;eor
       2564;20231201;   10;   6.4;   2.4;    3;  11.7;   8;-999;   7;   6.7;   5.0; 1003.70;   -2.3;   95.00;    0.8;   -8.4;   -3.7;eor
       2564;20231202;   10;   8.1;   2.7;    3;   0.5;   7;-999;  18;   6.1;   5.4; 1008.30;   -1.2;   95.00;    0.6;   -7.0;   -1.9;eor
       2564;20231203;   10;   8.8;   3.1;    3;   0.0;   0;-999;  16;   6.1;   4.4; 1015.80;   -4.0;   94.00;    0.0;  -10.5;   -2.5;eor
       2564;20231204;   10;   7.8;   3.6;    3;   0.1;   8;-999;  13;   6.2;   5.1; 1010.20;   -0.7;   88.00;    0.3;   -2.4;   -1.2;eor
       2564;20231205;   10;  10.3;   5.2;    3;   3.6;   8;-999;  11;   7.8;   5.2; 1005.20;   -0.5;   88.00;    0.5;   -1.3;   -1.3;eor
       2564;20231206;   10;   7.8;   2.8;    3;   0.0;   8;-999;  16;   7.8;   6.0; 1008.60;    0.4;   95.00;    1.3;   -0.3;   -0.2;eor
       2564;20231207;   10;   5.6;   2.0;    3;   0.0;   0;-999;  13;   7.9;   6.5; 1014.70;    0.8;   99.00;    1.6;   -0.3;    0.0;eor
       2564;20231208;   10;  10.2;   4.0;    3;   2.1;   8;-999;   9;   7.5;   6.2; 1008.30;    0.8;   95.00;    1.8;   -0.5;   -0.1;eor
       2564;20231209;   10;   9.9;   3.9;    3;   3.0;   6;-999;   6;   7.5;   7.6; 1001.00;    3.3;   98.00;    4.9;    1.3;    0.0;eor
       2564;20231210;   10;  11.3;   3.2;    3;   7.5;   6;-999;   0;   7.5;   9.1;  993.30;    5.9;   97.00;    7.4;    4.0;    1.9;eor
       2564;20231211;   10;   7.5;   2.0;    3;   8.3;   6;-999;   0;   7.3;   9.2;  993.10;    5.9;   99.00;    7.5;    4.4;    2.0;eor
       2564;20231212;   10;   9.5;   2.7;    3;   4.0;   6;-999;   0;   7.7;   8.1; 1002.00;    4.4;   96.00;    5.0;    3.5;    1.7;eor
       2564;20231213;   10;  15.8;   8.1;    3;   4.7;   6;-999;   0;   7.7;   7.6;  999.90;    4.1;   93.00;    4.7;    3.2;    2.5;eor
       2564;20231214;   10;  10.5;   3.6;    3;   0.0;   6;-999;   0;   7.3;   6.6; 1014.30;    3.0;   88.00;    3.6;    1.4;   -1.3;eor
       2564;20231215;   10;   9.4;   4.0;    3;   0.0;   6;-999;   0;   7.7;   8.9; 1024.90;    6.0;   95.00;    8.1;    2.3;    1.2;eor
       2564;20231216;   10;  16.4;   7.1;    3;   0.0;   6;-999;   0;   7.7;   9.9; 1027.60;    7.8;   94.00;    8.8;    6.8;    5.4;eor
       2564;20231217;   10;  20.5;   8.5;    3;   0.3;   6;-999;   0;   7.6;  10.3; 1024.30;    9.2;   89.00;    9.8;    8.5;    7.8;eor
       2564;20231218;   10;  15.8;   7.5;    3;   3.8;   6;-999;   0;   7.7;  10.6; 1019.10;    8.4;   96.00;    9.0;    8.0;    7.4;eor
       2564;20231219;   10;  15.9;   5.7;    3;   2.8;   6;-999;   0;   7.0;  10.2; 1008.70;    7.9;   95.00;    9.4;    4.5;    2.5;eor
       2564;20231220;   10;  17.6;   5.9;    3;   9.5;   6;-999;   0;   6.7;   7.8;  999.20;    5.4;   87.00;    6.5;    3.9;    3.1;eor
       2564;20231221;   10;  28.7;   9.6;    3;  11.3;   6;-999;   0;   6.1;   8.4;  980.50;    7.0;   83.00;    9.7;    5.0;    3.5;eor
       2564;20231222;   10;  25.5;   9.3;    3;   2.6;   8;-999;   0;   3.4;   5.8;  986.10;    3.0;   77.00;    5.6;    0.5;   -0.4;eor
       2564;20231223;   10;  12.2;   4.7;    3;   5.8;   8;-999;   0;   7.0;   6.5;  995.50;    2.8;   86.00;    4.2;    1.0;   -0.6;eor
       2564;20231224;   10;  27.6;   7.7;    3;   2.7;   6;-999;   0;   7.5;  10.4;  990.00;    8.3;   94.00;   11.9;    2.1;    1.8;eor
       2564;20231225;   10;  22.6;   8.4;    3;   6.0;   6;-999;   0;   5.8;   8.1;  994.60;    7.3;   79.00;   10.1;    5.5;    3.9;eor
       2564;20231226;   10;  19.4;   7.9;    3;   0.7;   6;-999;   0;   6.0;   8.6; 1000.50;    6.9;   85.00;    9.0;    3.6;    1.8;eor
       2564;20231227;   10;  12.0;   3.9;    3;   3.4;   6;-999;   0;   5.8;   7.3; 1011.90;    3.7;   92.00;    6.8;    2.0;   -1.5;eor
       2564;20231228;   10;  17.8;   7.7;    3;   5.3;   6;-999;   0;   7.5;   9.7;  999.70;    9.2;   83.00;   10.8;    6.4;    5.5;eor
       2564;20231229;   10;  19.2;   8.6;    3;   6.5;   6;-999;   0;   6.8;   8.8;  995.80;    8.7;   78.00;   10.0;    6.6;    5.0;eor
       2564;20231230;   10;  13.9;   4.8;    3;   0.4;   6;-999;   0;   6.5;   8.1; 1002.40;    5.6;   89.00;    6.9;    4.2;    2.7;eor
       2564;20231231;   10;  10.3;   4.1;    3;   1.3;   6;-999;   0;   7.9;   8.7;  997.90;    6.5;   89.00;    7.8;    5.4;    3.6;eor
       2564;20240101;   10;  10.4;   4.3;    3;   2.2;   6;-999;   0;   7.6;   8.5;  996.20;    6.5;   88.00;    7.3;    5.8;    4.6;eor
       2564;20240102;   10;  13.1;   4.9;    3;  20.2;   6;-999;   0;   7.6;   8.0;  991.00;    4.6;   94.00;    6.0;    3.8;    2.6;eor
       2564;20240103;   10;  17.7;   7.0;    3;  13.5;   8;-999;   0;   7.5;   8.8;  978.50;    6.6;   89.00;    8.6;    3.6;    3.3;eor
       2564;20240104;   10;  17.0;   5.7;    3;   0.4;   8;-999;   0;   7.7;   5.4;  995.70;    0.3;   85.00;    3.6;   -1.1;   -1.4;eor
       2564;20240105;   10;  15.8;   7.0;    3;   1.7;   8;-999;   0;   7.6;   5.0; 1002.20;   -0.5;   85.00;    0.2;   -1.3;   -1.4;eor
       2564;20240106;   10;  14.5;   8.5;    3;   0.1;   8;-999;   2;   7.5;   5.3; 1010.50;    0.7;   82.00;    1.2;    0.0;   -1.0;eor
       2564;20240107;   10;  13.7;   7.0;    3;   0.0;   8;-999;   1;   5.5;   4.2; 1024.10;   -1.5;   76.00;    0.5;   -3.2;   -2.9;eor
       2564;20240108;   10;  13.5;   7.1;    3;   0.0;   0;-999;   0;   6.4;   4.7; 1033.10;   -0.6;   80.00;    0.1;   -2.0;   -6.8;eor
       2564;20240109;   10;   5.6;   1.8;    3;   0.0;   0;-999;   0;   5.9;   4.8; 1034.80;   -1.6;   87.00;   -0.4;   -4.3;   -9.7;eor
       2564;20240110;   10;   6.4;   1.5;    3;   0.0;   8;-999;   0;   8.0;   5.4; 1030.90;   -1.1;   96.00;    0.7;   -3.3;   -4.0;eor
       2564;20240111;   10;   6.5;   2.9;    3;   0.0;   6;-999;   0;   5.9;   6.0; 1028.10;    0.6;   93.00;    2.8;   -2.0;   -5.5;eor
       2564;20240112;   10;  10.7;   3.3;    3;   0.1;   6;-999;   0;   4.5;   6.0; 1023.30;    0.9;   92.00;    3.9;   -2.9;   -7.1;eor
       2564;20240113;   10;  15.0;   6.9;    3;   0.7;   6;-999;   0;   6.5;   7.3; 1008.60;    3.8;   91.00;    5.5;    2.6;    1.2;eor
       2564;20240114;   10;  12.3;   6.0;    3;   1.2;   8;-999;   0;   5.5;   6.4;  995.80;    2.6;   87.00;    4.5;    1.1;   -0.2;eor
       2564;20240115;   10;  14.1;   4.8;    3;   0.1;   8;-999;   0;   5.9;   4.8;  989.60;    0.0;   79.00;    2.6;   -6.1;  -10.6;eor
       2564;20240116;   10;  10.8;   3.2;    3;   0.3;   7;-999;   0;   7.4;   5.1;  998.60;   -1.5;   93.00;    0.8;   -4.9;   -7.6;eor
       2564;20240117;   10;  13.8;   5.2;    3;   0.0;   7;-999;   0;   7.3;   4.7;  988.00;   -0.9;   82.00;   -0.2;   -2.7;   -5.1;eor
       2564;20240118;   10;  11.3;   3.3;    3;   0.4;   8;-999;   0;   2.2;   4.7;  993.50;   -1.8;   89.00;    1.0;   -5.0;   -9.9;eor
       2564;20240119;   10;  15.4;   6.3;    3;   0.2;   8;-999;   1;   6.0;   5.9; 1006.60;    1.5;   87.00;    3.5;   -0.8;   -3.8;eor
       2564;20240120;   10;  14.8;   6.8;    3;   0.0;   0;-999;   0;   7.3;   6.4; 1017.00;    3.0;   85.00;    4.0;    1.2;    0.2;eor
       2564;20240121;   10;  18.3;   6.4;    3;   3.6;   8;-999;   0;   7.9;   4.7; 1012.50;    3.3;   60.00;    6.3;    1.1;   -0.5;eor
       2564;20240122;   10;  20.3;   9.3;    3;   3.1;   6;-999;   0;   5.9;   8.7;  997.10;    7.9;   82.00;   10.6;    5.6;    4.1;eor
       2564;20240123;   10;  18.6;   8.2;    3;  12.1;   6;-999;   0;   7.0;   8.2; 1008.30;    6.8;   83.00;    8.0;    5.6;    4.4;eor
       2564;20240124;   10;  28.5;  12.8;    3;   1.1;   6;-999;   0;   7.5;   9.3; 1001.80;    8.9;   81.00;   11.7;    7.3;    6.2;eor
       2564;20240125;   10;  19.6;   7.3;    3;   0.0;   6;-999;   0;   6.7;   8.1; 1017.70;    6.5;   84.00;    8.6;    3.9;    1.9;eor
       2564;20240126;   10;  20.0;   7.5;    3;   9.8;   6;-999;   0;   6.5;   8.6; 1013.60;    6.6;   88.00;   10.2;    4.9;    3.5;eor
       2564;20240127;   10;  13.0;   5.5;    3;   0.0;   0;-999;   0;   6.5;   7.9; 1026.80;    5.3;   89.00;    7.1;    2.7;    0.2;eor
       2564;20240128;   10;   8.7;   3.6;    3;   0.0;   0;-999;   0;   6.7;   6.2; 1026.60;    4.0;   77.00;    7.4;    0.9;   -1.6;eor
       2564;20240129;   10;   7.8;   3.4;    3;   0.0;   0;-999;   0;   7.8;   6.5; 1021.90;    6.3;   68.00;    9.1;    3.9;    1.2;eor
       2564;20240130;   10;  14.7;   3.8;    3;   0.1;   6;-999;   0;   7.8;   9.0; 1020.90;    7.5;   87.00;    9.6;    5.2;    3.0;eor
       2564;20240131;   10;  18.7;   7.5;    3;   2.7;   6;-999;   0;   7.0;   7.0; 1021.60;    5.5;   78.00;    6.6;    4.3;    2.4;eor
       2564;20240201;    3;  17.9;   7.8;    3;   0.0;   6;-999;   0;   5.1;   7.6; 1017.43;    5.8;   82.38;    8.2;    4.1;    2.0;eor
       2564;20240202;    3;  17.1;   7.5;    3;   0.4;   6;-999;   0;   7.6;   9.3; 1015.03;    6.8;   93.33;    8.8;    5.2;    4.5;eor
       2564;20240203;    3;  16.9;   8.8;    3;   0.0;   0;-999;   0;   7.0;   9.5; 1011.50;    8.5;   85.46;   10.7;    5.9;    4.4;eor
       2564;20240204;    3;  18.7;   8.9;    3;   1.9;   6;-999;   0;   7.2;   8.7; 1007.33;    7.1;   86.29;    7.9;    6.1;    4.5;eor
       2564;20240205;    3;  21.6;   9.3;    3;   6.6;   6;-999;   0;   7.1;   9.9; 1002.68;    7.9;   93.13;    8.8;    7.1;    6.2;eor
       2564;20240206;    3;  20.1;  10.5;    3;  13.5;   6;-999;   0;   7.3;   9.8;  994.35;    8.2;   89.29;    9.7;    5.5;    4.4;eor
       2564;20240207;    3;  16.5;   6.1;    3;   0.8;   8;-999;   0;   5.7;   5.7;  996.83;    3.3;   74.04;    6.0;    0.3;   -2.6;eor
       2564;20240208;    3;   8.8;   2.5;    3;   0.0;   8;-999;   0;   7.3;   6.2;  996.75;    1.8;   89.00;    3.7;   -0.1;   -3.5;eor
       2564;20240209;    3;  15.0;   6.3;    3;   8.7;   8;-999;   0;   7.8;   6.4;  987.58;    1.4;   94.46;    2.2;    0.6;    0.0;eor
       2564;20240210;    3;  14.6;   5.7;    3;   0.0;   6;-999;   0;   8.0;   7.8;  988.40;    3.4;   99.96;    4.3;    2.0;    1.3;eor
       2564;20240211;    3;  15.6;   7.2;    3;   5.3;   6;-999;   0;   7.8;   7.9;  990.18;    3.7;   99.71;    3.9;    3.4;    3.1;eor
       2564;20240212;    3;  10.2;   3.2;    3;   1.3;   6;-999;   0;   7.5;   8.6;  996.75;    5.6;   94.29;    8.5;    3.6;    2.3;eor
       2564;20240213;    3;   9.8;   4.0;    3;   2.9;   6;-999;   0;   7.0;   8.4; 1009.23;    5.6;   91.71;    6.6;    3.8;    2.0;eor
       2564;20240214;    3;   6.8;   2.7;    3;   4.9;   6;-999;   0;   7.1;  10.1; 1009.55;    7.4;   96.83;   10.7;    4.8;    4.2;eor
       2564;20240215;    3;   7.5;   3.3;    3;   1.6;   6;-999;   0;   7.4;  13.4; 1009.82;   11.5;   98.58;   12.5;   10.5;    9.8;eor
       2564;20240216;    3;  14.4;   4.9;    3;   0.1;   6;-999;   0;   7.8;  11.6; 1007.12;   10.9;   89.50;   14.0;    6.6;    6.1;eor
       2564;20240217;    3;  13.3;   5.0;    3;   0.0;   6;-999;   0;   7.4;   7.9; 1023.38;    6.0;   83.71;    7.0;    3.0;   -2.1;eor
       2564;20240218;    3;  11.4;   3.7;    3;  16.8;   6;-999;   0;   7.3;   9.2; 1019.77;    6.7;   92.42;    9.1;    2.8;   -1.3;eor
       2564;20240219;    3;  12.6;   5.6;    3;   0.1;   6;-999;   0;   7.5;   9.7; 1014.91;    7.4;   94.42;    9.5;    5.4;    5.1;eor
       2564;20240220;    3;  11.9;   5.7;    3;   0.9;   6;-999;   0;   7.3;   9.4; 1016.81;    7.7;   88.83;    9.1;    6.2;    5.0;eor
       2564;20240221;    3;  14.3;   5.7;    3;   0.7;   6;-999;   0;   6.6;   9.7; 1006.33;    8.5;   86.88;   10.3;    7.1;    5.8;eor
       2564;20240222;    3;  25.9;   4.5;    3;   1.6;   6;-999;   0;   7.5;  10.8;  984.31;    9.1;   93.63;   11.8;    7.5;    6.4;eor
       2564;20240223;    3;  23.4;   7.7;    3;   0.0;   6;-999;   0;   5.8;   7.1;  984.93;    6.9;   71.54;   11.4;    4.9;    2.0;eor
       2564;20240224;    3;  13.5;   3.0;    3;   2.6;   6;-999;   0;   5.4;   7.4;  995.61;    5.6;   81.79;    9.5;    2.9;   -1.0;eor
       2564;20240225;    3;   8.8;   3.1;    3;   1.7;   6;-999;   0;   6.7;   7.5;  999.10;    4.9;   86.96;    7.6;    1.2;   -2.5;eor
       2564;20240226;    3;   7.4;   2.3;    3;   0.0;   0;-999;   0;   6.4;   7.1; 1006.24;    2.3;   97.58;    5.3;   -2.3;   -5.0;eor
       2564;20240227;    3;   6.5;   2.7;    3;   0.0;   0;-999;   0;   7.6;   7.1; 1015.09;    3.6;   89.54;    5.1;    2.2;    0.4;eor
       2564;20240228;    3;  10.5;   3.4;    3;   0.0;   6;-999;   0;   7.8;   7.2; 1015.92;    4.8;   83.17;    6.9;    2.5;    1.4;eor
       2564;20240229;    3;  12.0;   4.6;    3;   0.0;   0;-999;   0;   7.7;   7.4; 1007.50;    7.8;   70.29;   12.3;    4.0;    2.4;eor
       2564;20240301;    3;   7.8;   3.0;    3;   0.2;   6;-999;   0;   6.0;   8.4; 1001.05;    7.5;   81.33;   11.0;    3.3;    0.9;eor
       2564;20240302;    3;   5.8;   2.4;    3;   0.0;   0;-999;   0;   7.8;   9.3; 1001.61;    8.9;   81.92;   12.0;    6.2;    2.3;eor
       2564;20240303;    3;   8.5;   3.7;    3;   0.0;   0;-999;   0;   8.0;   9.4; 1003.02;    6.2;   98.42;    8.0;    3.6;    0.6;eor
       2564;20240304;    3;  13.7;   6.3;    3;   0.0;   0;-999;   0;   6.9;   8.3; 1008.94;    5.6;   90.67;    8.8;    3.9;    2.6;eor
       2564;20240305;    3;  14.5;   7.6;    3;   0.0;   6;-999;   0;   7.2;   6.9; 1015.65;    4.0;   84.29;    6.0;    3.0;    1.7;eor
       2564;20240306;    3;   8.6;   3.2;    3;   0.0;   0;-999;   0;   7.3;   6.9; 1022.55;    3.7;   86.75;    4.6;    2.2;   -2.4;eor
       2564;20240307;    3;  10.2;   5.4;    3;   0.0;   0;-999;   0;   5.9;   6.7; 1024.73;    3.5;   85.50;    6.1;    1.1;   -1.3;eor
       2564;20240308;    3;  11.4;   5.0;    3;   0.0;   0;-999;   0;   3.8;   6.5; 1017.37;    2.6;   88.63;    5.6;    0.0;   -2.5;eor
       2564;20240309;    3;  14.9;   6.7;    3;   0.0;   0;-999;   0;   2.0;   6.7; 1006.97;    4.0;   82.83;    7.7;    1.2;   -1.0;eor
       2564;20240310;    3;  16.2;   9.0;    3;   0.0;   0;-999;   0;   7.2;   7.6; 1002.69;    4.8;   88.33;    6.9;    3.8;    3.0;eor
       2564;20240311;    3;  16.2;   7.5;    3;   0.5;   6;-999;   0;   7.8;   7.9; 1002.63;    4.6;   93.00;    5.0;    4.3;    3.5;eor
       2564;20240312;    3;   6.6;   2.0;    3;   0.0;   6;-999;   0;   7.9;   9.0; 1009.28;    5.7;   97.58;    7.8;    4.0;    3.9;eor
       2564;20240313;    3;   9.2;   3.3;    3;   0.1;   6;-999;   0;   6.8;  10.2; 1010.14;    8.5;   91.58;   12.4;    4.3;    0.7;eor
       2564;20240314;    3;  11.4;   4.7;    3;   0.0;   0;-999;   0;   7.8;  11.3; 1006.55;   12.3;   79.25;   15.9;    9.7;    8.4;eor
       2564;20240315;    3;   9.4;   4.0;    3;   5.4;   6;-999;   0;   7.6;  12.0; 1001.77;   12.0;   84.79;   13.7;   10.9;    9.1;eor
       2564;20240316;    3;  18.1;   7.5;    3;   0.0;   6;-999;   0;   5.5;   8.3; 1009.02;    7.9;   76.08;   11.6;    3.1;    1.0;eor
       2564;20240317;    3;   7.1;   3.6;    3;   0.0;   0;-999;   0;   6.1;   6.0; 1020.12;    3.5;   76.67;    6.1;    0.3;   -4.2;eor
       2564;20240318;    3;   9.6;   4.5;    3;   0.0;   6;-999;   0;   7.9;   5.6; 1016.46;    4.7;   66.46;    8.0;    1.6;    0.3;eor
       2564;20240319;    3;   8.2;   3.9;    3;   0.0;   6;-999;   0;   7.9;   7.0; 1015.95;    6.8;   69.88;   10.2;    2.8;    2.0;eor
       2564;20240320;    3;   6.1;   2.0;    3;   4.0;   6;-999;   0;   7.9;  10.9; 1015.07;   10.7;   84.33;   13.8;    8.2;    5.8;eor
       2564;20240321;    3;  10.4;   4.3;    3;   0.1;   6;-999;   0;   7.3;  10.3; 1015.26;    8.9;   89.25;   11.0;    7.0;    6.3;eor
       2564;20240322;    3;  12.8;   5.5;    3;   0.5;   6;-999;   0;   7.4;   9.9; 1007.87;    8.4;   89.38;   10.0;    5.6;    4.4;eor
       2564;20240323;    3;  16.7;   4.7;    3;   6.3;   6;-999;   0;   6.3;   7.5;  999.48;    5.6;   83.13;    9.5;    3.0;    1.4;eor
       2564;20240324;    3;  13.8;   4.7;    3;   2.3;   6;-999;   0;   7.6;   8.2;  992.35;    5.9;   87.88;    8.5;    4.0;    3.2;eor
       2564;20240325;    3;  10.6;   3.8;    3;   0.5;   6;-999;   0;   5.9;   7.3;  999.64;    5.8;   79.00;   10.0;    1.7;   -3.4;eor
       2564;20240326;    3;  11.4;   3.7;    3;   0.0;   6;-999;   0;   7.9;   6.8;  994.12;    7.7;   67.13;   12.5;    1.5;   -1.0;eor
       2564;20240327;    3;   7.2;   2.8;    3;   0.0;   0;-999;   0;   7.2;   8.5;  984.59;    9.7;   70.79;   14.9;    6.2;    3.6;eor
       2564;20240328;    3;  15.8;   4.1;    3;   6.5;   6;-999;   0;   7.4;   9.3;  982.01;    7.2;   91.42;   11.6;    5.9;    4.3;eor
       2564;20240329;    3;  10.6;   3.3;    3;   0.2;   6;-999;   0;   7.2;   8.8;  991.82;    8.5;   79.54;   11.7;    6.0;    2.7;eor
       2564;20240330;    3;   8.7;   2.5;    3;   0.2;   6;-999;   0;   7.2;  11.5;  995.32;   12.5;   80.13;   17.2;    7.0;    4.6;eor
       2564;20240331;    3;   6.2;   2.4;    3;   0.2;   6;-999;   0;   7.7;   9.9;  996.50;    7.9;   93.25;    9.5;    4.4;    1.8;eor
       2564;20240401;    3;  12.3;   3.7;    3;  27.3;   6;-999;   0;   7.8;  10.0;  991.54;    6.9;   99.67;    8.6;    5.0;    3.5;eor
       2564;20240402;    3;  17.0;   7.6;    3;   0.0;   0;-999;   0;   7.5;   9.8;  996.32;    8.7;   86.58;   10.6;    4.1;    3.2;eor
       2564;20240403;    3;   7.7;   3.6;    3;   3.8;   6;-999;   0;   6.9;   7.7; 1002.40;    5.2;   85.96;    8.9;    2.0;   -0.4;eor
       2564;20240404;    3;  14.4;   4.3;    3;   9.0;   6;-999;   0;   7.1;  11.3;  999.55;   10.1;   91.38;   11.7;    8.2;    6.7;eor
       2564;20240405;    3;  16.4;   6.0;    3;   8.8;   6;-999;   0;   7.6;  12.2; 1003.17;   12.3;   84.88;   15.7;    8.8;    7.8;eor
       2564;20240406;    3;   9.6;   4.2;    3;   0.0;   6;-999;   0;   7.7;  13.2; 1006.96;   16.1;   72.04;   20.3;   10.8;    9.1;eor
       2564;20240407;    3;  16.6;   4.5;    3;   4.2;   6;-999;   0;   6.9;  12.5; 1007.86;   16.2;   68.88;   20.1;   11.7;    8.6;eor
       2564;20240408;    3;   8.1;   3.1;    3;   0.1;   6;-999;   0;   7.3;  13.5; 1006.74;   14.0;   84.96;   17.4;    9.3;    8.0;eor
       2564;20240409;    3;  13.7;   4.0;    3;   1.5;   6;-999;   0;   7.2;  12.1; 1004.38;   11.9;   86.54;   17.2;    8.2;    5.6;eor
       2564;20240410;    3;  17.6;   6.6;    3;   0.1;   6;-999;   0;   5.3;   9.1; 1019.13;    9.9;   74.54;   13.4;    7.5;    3.0;eor
       2564;20240411;    3;  12.1;   5.4;    3;   1.5;   6;-999;   0;   7.6;  11.8; 1023.62;   11.3;   86.92;   13.1;    8.0;    6.0;eor
       2564;20240412;    3;  13.8;   5.2;    3;   0.1;   6;-999;   0;   7.7;  13.2; 1022.59;   12.6;   89.75;   14.7;    9.5;    8.2;eor
       2564;20240413;    3;  16.0;   5.3;    3;   0.0;   6;-999;   0;   7.2;  12.5; 1015.64;   14.0;   79.00;   18.2;    8.1;    6.4;eor
       2564;20240414;    3;  18.6;   7.6;    3;   0.2;   6;-999;   0;   5.2;   8.6; 1012.59;    9.6;   71.79;   12.8;    5.9;    3.8;eor
       2564;20240415;    3;  10.5;   3.6;    3;   5.8;   6;-999;   0;   6.0;   8.4;  999.79;    7.8;   80.38;   12.6;    4.1;    0.3;eor
       2564;20240416;    3;  10.1;   3.7;    3;   0.8;   6;-999;   0;   7.2;   8.3;  996.44;    6.9;   83.42;   10.9;    3.0;    0.0;eor
       2564;20240417;    3;   8.2;   2.7;    3;   0.0;   6;-999;   0;   4.1;   7.3; 1005.63;    5.7;   80.54;   10.7;    1.5;   -2.1;eor
       2564;20240418;    3;  13.7;   4.2;    3;   2.9;   6;-999;   0;   4.5;   7.2; 1010.77;    5.8;   79.75;   12.5;   -0.3;   -3.6;eor
       2564;20240419;    3;  14.4;   5.7;    3;   5.1;   6;-999;   0;   7.0;   8.4;  999.56;    6.4;   87.71;   10.2;    4.6;    3.7;eor
       2564;20240420;    3;   8.0;   3.0;    3;   1.4;   6;-999;   0;   6.3;   7.1; 1013.03;    5.7;   79.25;    9.1;    1.8;   -0.1;eor
       2564;20240421;    3;  12.5;   3.2;    3;   0.1;   6;-999;   0;   6.8;   6.7; 1021.83;    5.7;   73.42;    9.2;    2.0;    0.7;eor
       2564;20240422;    3;  12.6;   3.7;    3;   1.1;   8;-999;   0;   7.0;   5.8; 1021.33;    3.5;   74.88;    6.8;    0.1;   -4.0;eor
       2564;20240423;    3;  11.6;   4.1;    3;   1.1;   6;-999;   0;   6.0;   6.1; 1012.75;    4.3;   73.96;    8.4;   -1.0;   -4.4;eor
       2564;20240424;    3;   9.5;   3.6;    3;   0.6;   6;-999;   0;   5.6;   7.3; 1001.79;    5.4;   82.21;    8.7;    0.9;   -2.0;eor
       2564;20240425;    3;   8.3;   1.9;    3;   6.3;   6;-999;   0;   7.3;   7.5;  999.94;    5.0;   86.58;    8.8;    0.2;   -2.1;eor
       2564;20240426;    3;  12.2;   3.0;    3;   3.6;   6;-999;   0;   6.8;   8.0; 1000.61;    6.6;   82.58;   10.8;    3.9;   -0.6;eor
       2564;20240427;    3;   8.7;   2.4;    3;   0.2;   6;-999;   0;   7.3;   9.9; 1005.84;   10.0;   81.42;   17.1;    2.0;   -1.3;eor
       2564;20240428;    3;  12.4;   4.0;    3;   0.0;   6;-999;   0;   7.6;  10.6; 1006.62;   15.9;   60.13;   21.0;    8.9;    5.5;eor
       2564;20240429;    3;   9.5;   3.1;    3;   0.0;   6;-999;   0;   6.2;   9.9; 1017.53;   13.8;   63.50;   18.9;    8.0;    4.3;eor
       2564;20240430;    3;  11.3;   4.7;    3;   0.0;   6;-999;   0;   6.4;  11.2; 1015.82;   12.9;   75.00;   16.2;    9.0;    8.1;eor
       2564;20240501;    3;  13.8;   6.2;    3;   0.0;   0;-999;   0;   3.3;  12.0; 1008.66;   12.8;   81.29;   17.9;    8.6;    7.6;eor
       2564;20240502;    3;  12.3;   6.0;    3;   0.0;   0;-999;   0;   3.0;  11.9; 1002.83;   13.2;   78.33;   17.3;    9.4;    8.2;eor
       2564;20240503;    3;   9.9;   4.7;    3;   1.4;   6;-999;   0;   3.2;  13.7; 1005.46;   14.5;   82.00;   20.1;    9.6;    8.6;eor
       2564;20240504;    1;   6.8;   2.7;    1;   5.9;   6;-999;   0;   7.8;  12.3; 1011.25;   13.5;   79.67;   17.5;   11.6;   10.2;eor
       2564;20240505;    1;  13.4;   4.6;    1;   6.2;   6;-999;   0;   7.5;  12.7; 1002.32;   12.4;   88.46;   15.6;    9.7;    9.3;eor
       2564;20240506;    1;  10.1;   3.9;    1;   0.0;   6;-999;   0;   7.3;  11.5; 1005.63;   12.7;   78.83;   16.6;    9.7;    8.8;eor
       2564;20240507;    1;   9.2;   4.2;    1;   0.0;   0;-999;   0;   7.8;  10.3; 1016.92;   10.7;   79.79;   14.1;    6.4;    2.7;eor
       2564;20240508;    1;   6.5;   2.4;    1;   0.0;   0;-999;   0;   1.9;   8.8; 1023.47;   11.5;   66.50;   16.2;    5.3;    1.7;eor
       2564;20240509;    1;   6.9;   2.3;    1;   0.0;   6;-999;   0;   7.1;  11.7; 1022.72;   12.4;   81.54;   18.0;    4.3;    1.8;eor
       2564;20240510;    1;   7.0;   3.1;    1;   0.0;   0;-999;   0;   7.8;  12.7; 1020.38;   12.7;   86.50;   15.4;    8.1;    6.1;eor
       2564;20240511;    1;   7.2;   2.4;    1;   0.0;   0;-999;   0;   3.4;  11.7; 1021.28;   12.0;   84.04;   16.9;    5.1;    2.8;eor
       2564;20240512;    1;  11.2;   4.9;    1;   0.0;   0;-999;   0;   3.7;  11.4; 1019.23;   13.0;   76.63;   17.6;    8.6;    6.7;eor
       2564;20240513;    1;  10.6;   4.0;    1;   0.0;   0;-999;   0;   0.4;  11.0; 1012.60;   15.7;   62.50;   22.4;    9.4;    5.7;eor
       2564;20240514;    1;  10.5;   4.6;    1;   0.0;   0;-999;   0;   0.0;  11.6; 1009.40;   16.8;   60.54;   21.7;   11.6;    8.5;eor
       2564;20240515;    1;  12.6;   5.2;    1;   0.0;   0;-999;   0;   0.0;  12.0; 1008.56;   17.0;   62.58;   22.8;    9.3;    6.7;eor
       2564;20240516;    1;  16.5;   6.0;    1;   0.0;   0;-999;   0;   0.5;  12.1; 1007.28;   16.1;   65.79;   19.8;   11.6;    9.5;eor
       2564;20240517;    1;  13.6;   5.4;    1;   0.0;   0;-999;   0;   1.8;  12.0; 1008.25;   16.1;   65.83;   19.7;   11.3;    9.2;eor
       2564;20240518;    1;   9.4;   4.4;    1;   0.0;   0;-999;   0;   1.4;  12.3; 1008.68;   15.4;   71.29;   19.5;   10.8;    9.2;eor
       2564;20240519;    1;   7.3;   3.2;    1;   2.2;   6;-999;   0;   5.0;  13.7; 1007.23;   14.9;   81.13;   19.3;   11.6;    9.9;eor
       2564;20240520;    1;   9.8;   4.0;    1;   0.0;   0;-999;   0;   3.9;  14.6; 1009.20;   15.7;   81.92;   20.0;   12.1;   10.3;eor
       2564;20240521;    1;  12.4;   6.3;    1;   0.0;   6;-999;   0;   6.9;  14.3; 1009.78;   14.4;   87.63;   17.9;   11.8;   11.9;eor
       2564;20240522;    1;  12.9;   4.9;    1;  16.3;   6;-999;   0;   7.7;  15.3; 1005.10;   15.2;   88.08;   19.6;   12.7;   11.8;eor
       2564;20240523;    1;   8.8;   3.5;    1;   6.0;   6;-999;   0;   5.2;  15.3; 1009.63;   15.5;   87.79;   19.7;   10.7;    6.7;eor
       2564;20240524;    1;   8.8;   3.1;    1;   0.0;   0;-999;   0;   3.9;  14.4; 1016.65;   15.3;   83.42;   19.6;    9.7;    6.3;eor
       2564;20240525;    1;   8.3;   3.5;    1;   0.0;   4;-999;   0;   6.3;  15.5; 1014.73;   15.4;   88.75;   18.8;   12.2;    9.4;eor
       2564;20240526;    1;   7.1;   2.4;    1;   1.9;   6;-999;   0;   5.9;  16.6; 1013.56;   16.4;   88.67;   21.0;   10.9;    8.8;eor
       2564;20240527;    1;  10.1;   2.8;    1;  22.0;   6;-999;   0;   7.1;  15.0; 1012.22;   16.8;   79.38;   21.8;   13.7;   11.2;eor
       2564;20240528;    1;  10.1;   3.9;    1;   0.2;   6;-999;   0;   6.0;  13.4; 1011.31;   13.9;   84.67;   17.5;   11.4;   10.3;eor
       2564;20240529;    1;   9.2;   3.3;    1;   8.8;   6;-999;   0;   7.7;  14.6; 1005.15;   14.4;   88.54;   17.2;   12.1;   10.5;eor
       2564;20240530;    1;   6.9;   2.7;    1;  10.1;   6;-999;   0;   5.0;  14.4; 1002.88;   15.5;   82.54;   19.1;   11.8;    9.3;eor
       2564;20240531;    1;   9.8;   3.9;    1;   0.0;   6;-999;   0;   7.1;  17.6; 1005.47;   16.8;   92.17;   20.2;   14.3;   13.8;eor
       2564;20240601;    1;   9.2;   3.6;    1;   0.0;   0;-999;   0;   3.5;  17.2; 1010.74;   18.9;   80.17;   23.9;   13.8;   11.5;eor
       2564;20240602;    1;  10.3;   5.2;    1;   0.0;   0;-999;   0;   6.0;  15.6; 1013.24;   16.3;   83.96;   19.5;   11.9;   10.8;eor
       2564;20240603;    1;  10.2;   4.5;    1;   0.0;   6;-999;   0;   7.6;  13.5; 1012.67;   14.2;   83.00;   18.0;   11.4;   10.3;eor
       2564;20240604;    1;  10.4;   2.3;    1;   5.2;   6;-999;   0;   7.8;  15.4; 1008.16;   15.3;   88.83;   18.4;   13.3;   12.6;eor
       2564;20240605;    1;  15.4;   5.3;    1;   0.0;   0;-999;   0;   4.1;  10.9; 1005.34;   14.1;   67.79;   17.1;    8.4;    5.9;eor
       2564;20240606;    1;  15.1;   3.6;    1;   1.9;   6;-999;   0;   6.0;  10.1; 1012.44;   11.4;   75.29;   15.6;    6.9;    2.2;eor
       2564;20240607;    1;  11.6;   3.8;    1;   0.0;   6;-999;   0;   4.8;  10.3; 1013.01;   12.5;   72.58;   17.5;    5.9;    1.3;eor
       2564;20240608;    1;  15.6;   4.5;    1;   2.7;   6;-999;   0;   6.6;  11.5; 1006.12;   13.2;   77.42;   19.8;    8.3;    6.8;eor
       2564;20240609;    1;  17.1;   4.7;    1;   7.3;   6;-999;   0;   5.4;  10.8; 1002.58;   10.5;   84.54;   13.6;    7.9;    6.3;eor
       2564;20240610;    1;  10.6;   3.4;    1;  11.4;   6;-999;   0;   7.4;  11.1; 1000.76;   12.2;   79.13;   16.1;    8.0;    6.5;eor
       2564;20240611;    1;  12.8;   5.2;    1;   1.9;   6;-999;   0;   7.5;  11.5; 1004.26;   11.8;   83.96;   15.3;    9.5;    8.8;eor
       2564;20240612;    1;  12.4;   5.0;    1;   2.2;   6;-999;   0;   6.1;  10.4; 1010.51;   11.7;   76.42;   15.8;    8.1;    6.4;eor
       2564;20240613;    1;  10.7;   3.2;    1;   4.0;   6;-999;   0;   6.9;  10.9; 1011.98;   11.0;   83.04;   14.1;    7.3;    5.9;eor
       2564;20240614;    1;   9.8;   3.8;    1;   0.4;   6;-999;   0;   7.8;  11.7; 1005.49;   16.8;   62.08;   21.1;   12.1;   10.8;eor
       2564;20240615;    1;  16.0;   4.1;    1;   9.3;   6;-999;   0;   6.7;  13.8;  999.30;   14.6;   82.88;   16.9;   12.7;    9.6;eor
       2564;20240616;    1;  10.4;   3.0;    1;   3.3;   6;-999;   0;   7.0;  13.0; 1003.70;   15.3;   75.21;   20.3;   12.0;    8.3;eor
       2564;20240617;    1;   9.3;   2.4;    1;   1.5;   6;-999;   0;   5.1;  14.8; 1007.42;   15.9;   83.17;   21.3;   11.3;    7.0;eor
       2564;20240618;    1;   6.9;   2.9;    1;   0.9;   6;-999;   0;   4.4;  14.1; 1010.59;   16.1;   77.79;   22.0;   10.0;    7.2;eor
       2564;20240619;    1;  10.7;   4.3;    1;   0.0;   6;-999;   0;   5.3;  12.3; 1013.53;   14.2;   76.92;   18.6;    9.2;    6.9;eor
       2564;20240620;    1;   6.4;   2.5;    1;   0.0;   0;-999;   0;   5.0;  11.5; 1017.60;   14.3;   72.00;   20.1;    7.8;    3.5;eor
       2564;20240621;    1;   9.2;   3.2;    1;   0.8;   6;-999;   0;   7.9;  16.8; 1008.97;   17.1;   85.42;   19.2;   13.8;   12.9;eor
       2564;20240622;    1;  13.7;   5.9;    1;   0.0;   6;-999;   0;   4.0;  14.1; 1005.38;   16.6;   75.38;   20.6;   11.0;    9.0;eor
       2564;20240623;    1;  10.3;   3.9;    1;   0.0;   0;-999;   0;   3.6;  14.5; 1013.85;   16.1;   79.88;   21.6;   10.5;    8.8;eor
       2564;20240624;    1;   5.9;   2.2;    1;   0.0;   0;-999;   0;   2.8;  15.0; 1017.17;   16.6;   80.71;   21.1;   11.6;    7.9;eor
       2564;20240625;    1;   8.5;   3.3;    1;   0.0;   0;-999;   0;   0.0;  17.0; 1015.36;   18.5;   80.00;   22.8;   12.1;    7.6;eor
       2564;20240626;    1;   9.2;   3.5;    1;   0.0;   0;-999;   0;   0.0;  18.2; 1010.59;   20.8;   75.58;   25.3;   14.1;   10.4;eor
       2564;20240627;    1;  11.3;   3.0;    1;   2.5;   6;-999;   0;   5.4;  21.2; 1005.15;   22.8;   78.83;   30.5;   16.8;   15.3;eor
       2564;20240628;    1;  15.4;   5.2;    1;   0.0;   0;-999;   0;   4.9;  16.4; 1008.36;   18.9;   75.42;   22.8;   13.5;   11.0;eor
       2564;20240629;    1;   9.2;   3.5;    1;   7.8;   6;-999;   0;   4.0;  14.7; 1011.92;   17.9;   72.50;   23.0;   12.3;   10.2;eor
       2564;20240630;    1;   9.0;   3.4;    1;   7.1;   6;-999;   0;   7.6;  17.6; 1002.96;   16.4;   94.13;   17.7;   12.0;   10.9;eor
       2564;20240701;    1;  11.6;   3.0;    1;   4.0;   6;-999;   0;   6.6;  14.1; 1007.36;   14.2;   87.75;   17.7;   11.0;    7.8;eor
       2564;20240702;    1;  12.4;   4.4;    1;   0.2;   6;-999;   0;   7.8;  13.8; 1005.48;   14.5;   83.50;   17.9;   11.7;   10.1;eor
       2564;20240703;    1;  12.3;   4.0;    1;   0.8;   6;-999;   0;   7.5;  12.6; 1003.07;   13.5;   81.50;   17.3;   11.3;    9.4;eor
       2564;20240704;    1;  19.0;   5.5;    1;   7.5;   6;-999;   0;   5.3;  12.4;  999.61;   13.5;   80.83;   18.5;   10.3;    8.8;eor
       2564;20240705;    1;  15.0;   5.1;    1;   3.5;   6;-999;   0;   6.7;  13.4; 1002.40;   14.5;   81.67;   19.3;   10.5;    9.1;eor
       2564;20240706;    1;  19.0;   5.6;    1;   5.1;   6;-999;   0;   7.2;  15.9;  996.84;   18.2;   77.00;   25.4;   12.4;   11.3;eor
       2564;20240707;    1;  12.8;   4.9;    1;   1.1;   6;-999;   0;   6.2;  12.7; 1006.83;   15.7;   71.79;   20.7;   12.0;   10.6;eor
       2564;20240708;    1;  12.4;   3.3;    1;   1.6;   6;-999;   0;   3.9;  13.2; 1013.78;   16.7;   70.63;   21.2;   12.4;    8.3;eor
       2564;20240709;    1;   8.7;   3.2;    1;   0.0;   6;-999;   0;   7.3;  17.3; 1014.08;   19.2;   77.83;   24.0;   12.7;    8.8;eor
       2564;20240710;    1;   9.8;   2.8;    1;   0.0;   6;-999;   0;   7.5;  19.4; 1010.06;   21.4;   76.42;   24.7;   18.3;   16.0;eor
       2564;20240711;    1;   8.6;   3.3;    1;   0.0;   0;-999;   0;   5.8;  16.1; 1012.16;   19.1;   73.67;   23.5;   14.8;   12.8;eor
       2564;20240712;    1;  11.7;   4.1;    1;   0.6;   6;-999;   0;   5.9;  17.3; 1008.42;   17.6;   86.13;   20.6;   12.8;    8.9;eor
       2564;20240713;    1;  10.9;   4.3;    1;   1.4;   6;-999;   0;   7.3;  15.6; 1004.86;   16.3;   84.25;   20.2;   13.8;   12.6;eor
       2564;20240714;    1;  15.6;   4.0;    1;   2.5;   6;-999;   0;   6.1;  14.4; 1007.60;   16.7;   77.38;   22.3;   13.0;   12.0;eor
       2564;20240715;    1;  11.2;   4.1;    1;   1.4;   6;-999;   0;   5.8;  15.1; 1008.42;   18.4;   72.29;   22.8;   15.0;   13.5;eor
